#Gen,Best Ind,Fitness,#Evals
0,"[ -3.9063283    2.21025103  -7.37517439  -2.64681019   7.9889575
  -7.35900277 -11.41816157  -5.98592133   0.85946187  22.50804196]",18.642602397990927,0
1,"[ -3.9063283    2.21025103  -7.37517439  -2.64681019   7.9889575
  -7.35900277 -11.41816157  -5.98592133   0.85946187  22.50804196]",18.642602397990927,256
2,"[ -3.9063283    2.21025103  -7.37517439  -2.64681019   7.9889575
  -7.35900277 -11.41816157  -5.98592133   0.85946187  22.50804196]",18.642602397990927,513
3,"[ -3.9063283    2.21025103  -7.37517439  -2.64681019   7.9889575
  -7.35900277 -11.41816157  -5.98592133   0.85946187  22.50804196]",18.642602397990927,770
4,"[ -3.9063283    2.21025103  -7.37517439  -2.64681019   7.9889575
  -7.35900277 -11.41816157  -5.98592133   0.85946187  22.50804196]",18.642602397990927,1027
5,"[-18.37648577  -3.66113532   1.84797337  -8.22332202  -3.76953282
   5.59825595  -0.67281609  -6.2200223    0.95315688   9.56870841]",17.59862243808188,1284
6,"[-18.37648577  -3.66113532   1.84797337  -8.22332202  -3.76953282
   5.59825595  -0.67281609  -6.2200223    0.95315688   9.56870841]",17.59862243808188,1541
7,"[-18.37648577  -3.66113532   1.84797337  -8.22332202  -3.76953282
   5.59825595  -0.67281609  -6.2200223    0.95315688   9.56870841]",17.59862243808188,1798
8,"[-18.37648577  -3.66113532   1.84797337  -8.22332202  -3.76953282
   5.59825595  -0.67281609  -6.2200223    0.95315688   9.56870841]",17.59862243808188,2055
9,"[-18.37648577  -3.66113532   1.84797337  -8.22332202  -3.76953282
   5.59825595  -0.67281609  -6.2200223    0.95315688   9.56870841]",17.59862243808188,2312
10,"[-18.37648577  -3.66113532   1.84797337  -8.22332202  -3.76953282
   5.59825595  -0.67281609  -6.2200223    0.95315688   9.56870841]",17.59862243808188,2569
11,"[-18.37648577  -3.66113532   1.84797337  -8.22332202  -3.76953282
   5.59825595  -0.67281609  -6.2200223    0.95315688   9.56870841]",17.59862243808188,2826
12,"[-18.37648577  -3.66113532   1.84797337  -8.22332202  -3.76953282
   5.59825595  -0.67281609  -6.2200223    0.95315688   9.56870841]",17.59862243808188,3083
13,"[-18.37648577  -3.66113532   1.84797337  -8.22332202  -3.76953282
   5.59825595  -0.67281609  -6.2200223    0.95315688   9.56870841]",17.59862243808188,3340
14,"[-18.37648577  -3.66113532   1.84797337  -8.22332202  -3.76953282
   5.59825595  -0.67281609  -6.2200223    0.95315688   9.56870841]",17.59862243808188,3597
15,"[-18.37648577  -3.66113532   1.84797337  -8.22332202  -3.76953282
   5.59825595  -0.67281609  -6.2200223    0.95315688   9.56870841]",17.59862243808188,3854
16,"[-18.37648577  -3.66113532   1.84797337  -8.22332202  -3.76953282
   5.59825595  -0.67281609  -6.2200223    0.95315688   9.56870841]",17.59862243808188,4111
17,"[10.43479913 -4.96191018 -1.94332629 -1.78951036 13.83294725 -8.03641662
  4.12488031 -7.49515868 -4.83719543 11.31401267]",17.29262835410156,4368
18,"[  0.61229953  -1.03259976  11.23218286   2.57102069   8.34666232
  -8.08504875 -11.59823367  -0.23213425  -1.38115349  -1.54204114]",16.380028590788623,4625
19,"[  0.61229953  -1.03259976  11.23218286   2.57102069   8.34666232
  -8.08504875 -11.59823367  -0.23213425  -1.38115349  -1.54204114]",16.380028590788623,4882
20,"[  0.61229953  -1.03259976  11.23218286   2.57102069   8.34666232
  -8.08504875 -11.59823367  -0.23213425  -1.38115349  -1.54204114]",16.380028590788623,5139
21,"[  0.61229953  -1.03259976  11.23218286   2.57102069   8.34666232
  -8.08504875 -11.59823367  -0.23213425  -1.38115349  -1.54204114]",16.380028590788623,5396
22,"[  0.61229953  -1.03259976  11.23218286   2.57102069   8.34666232
  -8.08504875 -11.59823367  -0.23213425  -1.38115349  -1.54204114]",16.380028590788623,5653
23,"[  0.61229953  -1.03259976  11.23218286   2.57102069   8.34666232
  -8.08504875 -11.59823367  -0.23213425  -1.38115349  -1.54204114]",16.380028590788623,5910
24,"[  0.61229953  -1.03259976  11.23218286   2.57102069   8.34666232
  -8.08504875 -11.59823367  -0.23213425  -1.38115349  -1.54204114]",16.380028590788623,6167
25,"[  0.61229953  -1.03259976  11.23218286   2.57102069   8.34666232
  -8.08504875 -11.59823367  -0.23213425  -1.38115349  -1.54204114]",16.380028590788623,6424
26,"[  0.61229953  -1.03259976  11.23218286   2.57102069   8.34666232
  -8.08504875 -11.59823367  -0.23213425  -1.38115349  -1.54204114]",16.380028590788623,6681
27,"[  0.61229953  -1.03259976  11.23218286   2.57102069   8.34666232
  -8.08504875 -11.59823367  -0.23213425  -1.38115349  -1.54204114]",16.380028590788623,6938
28,"[  0.61229953  -1.03259976  11.23218286   2.57102069   8.34666232
  -8.08504875 -11.59823367  -0.23213425  -1.38115349  -1.54204114]",16.380028590788623,7195
29,"[  0.61229953  -1.03259976  11.23218286   2.57102069   8.34666232
  -8.08504875 -11.59823367  -0.23213425  -1.38115349  -1.54204114]",16.380028590788623,7452
30,"[-3.43327567 -4.45102399  1.3027419  -2.85003111 -1.47118433  7.4889948
 -0.27723952 -7.63857053 -7.18681627  6.23661404]",14.66551320246714,7709
31,"[-3.43327567 -4.45102399  1.3027419  -2.85003111 -1.47118433  7.4889948
 -0.27723952 -7.63857053 -7.18681627  6.23661404]",14.66551320246714,7966
32,"[-3.43327567 -4.45102399  1.3027419  -2.85003111 -1.47118433  7.4889948
 -0.27723952 -7.63857053 -7.18681627  6.23661404]",14.66551320246714,8223
33,"[ 2.87613419 -0.22024142 -2.02491369  2.02174463  2.58765138 -2.06479839
 -0.49129097  2.74394335 -5.95646783 -7.3624281 ]",11.60622286308981,8480
34,"[ 2.87613419 -0.22024142 -2.02491369  2.02174463  2.58765138 -2.06479839
 -0.49129097  2.74394335 -5.95646783 -7.3624281 ]",11.60622286308981,8737
35,"[ 2.87613419 -0.22024142 -2.02491369  2.02174463  2.58765138 -2.06479839
 -0.49129097  2.74394335 -5.95646783 -7.3624281 ]",11.60622286308981,8994
36,"[ 2.87613419 -0.22024142 -2.02491369  2.02174463  2.58765138 -2.06479839
 -0.49129097  2.74394335 -5.95646783 -7.3624281 ]",11.60622286308981,9251
37,"[ 2.87613419 -0.22024142 -2.02491369  2.02174463  2.58765138 -2.06479839
 -0.49129097  2.74394335 -5.95646783 -7.3624281 ]",11.60622286308981,9508
38,"[ 2.87613419 -0.22024142 -2.02491369  2.02174463  2.58765138 -2.06479839
 -0.49129097  2.74394335 -5.95646783 -7.3624281 ]",11.60622286308981,9765
39,"[ 2.87613419 -0.22024142 -2.02491369  2.02174463  2.58765138 -2.06479839
 -0.49129097  2.74394335 -5.95646783 -7.3624281 ]",11.60622286308981,10022
40,"[ 2.87613419 -0.22024142 -2.02491369  2.02174463  2.58765138 -2.06479839
 -0.49129097  2.74394335 -5.95646783 -7.3624281 ]",11.60622286308981,10279
41,"[ 2.87613419 -0.22024142 -2.02491369  2.02174463  2.58765138 -2.06479839
 -0.49129097  2.74394335 -5.95646783 -7.3624281 ]",11.60622286308981,10536
42,"[ 2.87613419 -0.22024142 -2.02491369  2.02174463  2.58765138 -2.06479839
 -0.49129097  2.74394335 -5.95646783 -7.3624281 ]",11.60622286308981,10793
43,"[ 2.87613419 -0.22024142 -2.02491369  2.02174463  2.58765138 -2.06479839
 -0.49129097  2.74394335 -5.95646783 -7.3624281 ]",11.60622286308981,11050
44,"[ 2.87613419 -0.22024142 -2.02491369  2.02174463  2.58765138 -2.06479839
 -0.49129097  2.74394335 -5.95646783 -7.3624281 ]",11.60622286308981,11307
45,"[ 2.87613419 -0.22024142 -2.02491369  2.02174463  2.58765138 -2.06479839
 -0.49129097  2.74394335 -5.95646783 -7.3624281 ]",11.60622286308981,11564
46,"[ 2.87613419 -0.22024142 -2.02491369  2.02174463  2.58765138 -2.06479839
 -0.49129097  2.74394335 -5.95646783 -7.3624281 ]",11.60622286308981,11821
47,"[ 2.87613419 -0.22024142 -2.02491369  2.02174463  2.58765138 -2.06479839
 -0.49129097  2.74394335 -5.95646783 -7.3624281 ]",11.60622286308981,12078
48,"[ 2.87613419 -0.22024142 -2.02491369  2.02174463  2.58765138 -2.06479839
 -0.49129097  2.74394335 -5.95646783 -7.3624281 ]",11.60622286308981,12335
49,"[ 2.87613419 -0.22024142 -2.02491369  2.02174463  2.58765138 -2.06479839
 -0.49129097  2.74394335 -5.95646783 -7.3624281 ]",11.60622286308981,12592
50,"[ 2.87613419 -0.22024142 -2.02491369  2.02174463  2.58765138 -2.06479839
 -0.49129097  2.74394335 -5.95646783 -7.3624281 ]",11.60622286308981,12849
51,"[ 2.87613419 -0.22024142 -2.02491369  2.02174463  2.58765138 -2.06479839
 -0.49129097  2.74394335 -5.95646783 -7.3624281 ]",11.60622286308981,13106
52,"[ 2.87613419 -0.22024142 -2.02491369  2.02174463  2.58765138 -2.06479839
 -0.49129097  2.74394335 -5.95646783 -7.3624281 ]",11.60622286308981,13363
53,"[ 2.87613419 -0.22024142 -2.02491369  2.02174463  2.58765138 -2.06479839
 -0.49129097  2.74394335 -5.95646783 -7.3624281 ]",11.60622286308981,13620
54,"[ 2.87613419 -0.22024142 -2.02491369  2.02174463  2.58765138 -2.06479839
 -0.49129097  2.74394335 -5.95646783 -7.3624281 ]",11.60622286308981,13877
55,"[ 2.87613419 -0.22024142 -2.02491369  2.02174463  2.58765138 -2.06479839
 -0.49129097  2.74394335 -5.95646783 -7.3624281 ]",11.60622286308981,14134
56,"[ 2.87613419 -0.22024142 -2.02491369  2.02174463  2.58765138 -2.06479839
 -0.49129097  2.74394335 -5.95646783 -7.3624281 ]",11.60622286308981,14391
57,"[-3.15826547 -0.01568731  5.13747856 -4.87159081  3.35606526  0.19065216
 -5.12430553  2.05069714  1.33372702  5.22357874]",11.534542053827538,14648
58,"[-3.15826547 -0.01568731  5.13747856 -4.87159081  3.35606526  0.19065216
 -5.12430553  2.05069714  1.33372702  5.22357874]",11.534542053827538,14905
59,"[-3.15826547 -0.01568731  5.13747856 -4.87159081  3.35606526  0.19065216
 -5.12430553  2.05069714  1.33372702  5.22357874]",11.534542053827538,15162
60,"[-1.11849559  3.00190993  4.00684936  2.54232325 -1.55392963  2.74046275
 -6.23082271 -0.28488864 -1.9309048   3.06706949]",10.629486200927117,15419
61,"[-1.11849559  3.00190993  4.00684936  2.54232325 -1.55392963  2.74046275
 -6.23082271 -0.28488864 -1.9309048   3.06706949]",10.629486200927117,15676
62,"[-1.11849559  3.00190993  4.00684936  2.54232325 -1.55392963  2.74046275
 -6.23082271 -0.28488864 -1.9309048   3.06706949]",10.629486200927117,15933
63,"[-1.11849559  3.00190993  4.00684936  2.54232325 -1.55392963  2.74046275
 -6.23082271 -0.28488864 -1.9309048   3.06706949]",10.629486200927117,16190
64,"[-2.43060124 -2.02980806 -0.42599631  0.5653276   2.41807497 -2.86466552
  1.36684911  3.18636071 -2.01453797  1.18671924]",8.529051194484662,16447
65,"[-2.43060124 -2.02980806 -0.42599631  0.5653276   2.41807497 -2.86466552
  1.36684911  3.18636071 -2.01453797  1.18671924]",8.529051194484662,16704
66,"[-2.43060124 -2.02980806 -0.42599631  0.5653276   2.41807497 -2.86466552
  1.36684911  3.18636071 -2.01453797  1.18671924]",8.529051194484662,16961
67,"[-2.43060124 -2.02980806 -0.42599631  0.5653276   2.41807497 -2.86466552
  1.36684911  3.18636071 -2.01453797  1.18671924]",8.529051194484662,17218
68,"[-2.43060124 -2.02980806 -0.42599631  0.5653276   2.41807497 -2.86466552
  1.36684911  3.18636071 -2.01453797  1.18671924]",8.529051194484662,17475
69,"[-2.43060124 -2.02980806 -0.42599631  0.5653276   2.41807497 -2.86466552
  1.36684911  3.18636071 -2.01453797  1.18671924]",8.529051194484662,17732
70,"[-2.43060124 -2.02980806 -0.42599631  0.5653276   2.41807497 -2.86466552
  1.36684911  3.18636071 -2.01453797  1.18671924]",8.529051194484662,17989
71,"[-2.43060124 -2.02980806 -0.42599631  0.5653276   2.41807497 -2.86466552
  1.36684911  3.18636071 -2.01453797  1.18671924]",8.529051194484662,18246
72,"[-2.43060124 -2.02980806 -0.42599631  0.5653276   2.41807497 -2.86466552
  1.36684911  3.18636071 -2.01453797  1.18671924]",8.529051194484662,18503
73,"[-2.43060124 -2.02980806 -0.42599631  0.5653276   2.41807497 -2.86466552
  1.36684911  3.18636071 -2.01453797  1.18671924]",8.529051194484662,18760
74,"[-2.43060124 -2.02980806 -0.42599631  0.5653276   2.41807497 -2.86466552
  1.36684911  3.18636071 -2.01453797  1.18671924]",8.529051194484662,19017
75,"[-2.43060124 -2.02980806 -0.42599631  0.5653276   2.41807497 -2.86466552
  1.36684911  3.18636071 -2.01453797  1.18671924]",8.529051194484662,19274
76,"[-2.43060124 -2.02980806 -0.42599631  0.5653276   2.41807497 -2.86466552
  1.36684911  3.18636071 -2.01453797  1.18671924]",8.529051194484662,19531
77,"[-2.43060124 -2.02980806 -0.42599631  0.5653276   2.41807497 -2.86466552
  1.36684911  3.18636071 -2.01453797  1.18671924]",8.529051194484662,19788
78,"[-2.43060124 -2.02980806 -0.42599631  0.5653276   2.41807497 -2.86466552
  1.36684911  3.18636071 -2.01453797  1.18671924]",8.529051194484662,20045
79,"[-2.43060124 -2.02980806 -0.42599631  0.5653276   2.41807497 -2.86466552
  1.36684911  3.18636071 -2.01453797  1.18671924]",8.529051194484662,20302
80,"[-2.43060124 -2.02980806 -0.42599631  0.5653276   2.41807497 -2.86466552
  1.36684911  3.18636071 -2.01453797  1.18671924]",8.529051194484662,20559
81,"[-2.43060124 -2.02980806 -0.42599631  0.5653276   2.41807497 -2.86466552
  1.36684911  3.18636071 -2.01453797  1.18671924]",8.529051194484662,20816
82,"[-2.43060124 -2.02980806 -0.42599631  0.5653276   2.41807497 -2.86466552
  1.36684911  3.18636071 -2.01453797  1.18671924]",8.529051194484662,21073
83,"[-2.43060124 -2.02980806 -0.42599631  0.5653276   2.41807497 -2.86466552
  1.36684911  3.18636071 -2.01453797  1.18671924]",8.529051194484662,21330
84,"[-2.43060124 -2.02980806 -0.42599631  0.5653276   2.41807497 -2.86466552
  1.36684911  3.18636071 -2.01453797  1.18671924]",8.529051194484662,21587
85,"[-0.71004824 -2.47006862 -3.98302647 -2.13122392 -1.80940058  1.12904113
 -0.82617548  3.27926154  0.9990994   1.57055314]",8.516718147390772,21844
86,"[ 0.52737553  1.90140679 -0.46764652  0.28864378  3.45632289  3.41522203
 -0.84898839 -1.99510707 -2.05404158 -1.29413831]",8.294999023614853,22101
87,"[ 0.52737553  1.90140679 -0.46764652  0.28864378  3.45632289  3.41522203
 -0.84898839 -1.99510707 -2.05404158 -1.29413831]",8.294999023614853,22358
88,"[-0.67824525 -4.70382985 -1.03320407  0.53340574 -1.90746359 -0.37349768
  0.259732   -0.10265049  3.11600915 -0.05818064]",7.939986382287115,22615
89,"[ 4.12646232 -1.69718995 -1.02167784  0.20193619  2.04663791  0.48351293
 -1.71208442  0.07451953 -1.69931444 -2.02609273]",7.6424145418639835,22872
90,"[ 4.12646232 -1.69718995 -1.02167784  0.20193619  2.04663791  0.48351293
 -1.71208442  0.07451953 -1.69931444 -2.02609273]",7.6424145418639835,23129
91,"[ 1.07323088 -0.71989071  0.55560993  0.87782952  3.83620705 -0.6475517
 -0.79501035 -0.16075796  0.69665571 -0.75737302]",6.505189161098336,23386
92,"[ 1.07323088 -0.71989071  0.55560993  0.87782952  3.83620705 -0.6475517
 -0.79501035 -0.16075796  0.69665571 -0.75737302]",6.505189161098336,23643
93,"[ 1.07323088 -0.71989071  0.55560993  0.87782952  3.83620705 -0.6475517
 -0.79501035 -0.16075796  0.69665571 -0.75737302]",6.505189161098336,23900
94,"[ 1.07323088 -0.71989071  0.55560993  0.87782952  3.83620705 -0.6475517
 -0.79501035 -0.16075796  0.69665571 -0.75737302]",6.505189161098336,24157
95,"[ 1.07323088 -0.71989071  0.55560993  0.87782952  3.83620705 -0.6475517
 -0.79501035 -0.16075796  0.69665571 -0.75737302]",6.505189161098336,24414
96,"[ 1.07323088 -0.71989071  0.55560993  0.87782952  3.83620705 -0.6475517
 -0.79501035 -0.16075796  0.69665571 -0.75737302]",6.505189161098336,24671
97,"[ 1.07323088 -0.71989071  0.55560993  0.87782952  3.83620705 -0.6475517
 -0.79501035 -0.16075796  0.69665571 -0.75737302]",6.505189161098336,24928
98,"[ 0.65404108  1.66747713 -1.95546218  0.42609955 -1.06881515 -0.05418253
  0.79325562 -0.72448938 -1.18294068 -1.87351965]",5.75829128538178,25185
99,"[ 0.65404108  1.66747713 -1.95546218  0.42609955 -1.06881515 -0.05418253
  0.79325562 -0.72448938 -1.18294068 -1.87351965]",5.75829128538178,25442
100,"[ 0.65404108  1.66747713 -1.95546218  0.42609955 -1.06881515 -0.05418253
  0.79325562 -0.72448938 -1.18294068 -1.87351965]",5.75829128538178,25699
101,"[ 0.65404108  1.66747713 -1.95546218  0.42609955 -1.06881515 -0.05418253
  0.79325562 -0.72448938 -1.18294068 -1.87351965]",5.75829128538178,25956
102,"[ 0.65404108  1.66747713 -1.95546218  0.42609955 -1.06881515 -0.05418253
  0.79325562 -0.72448938 -1.18294068 -1.87351965]",5.75829128538178,26213
103,"[ 0.65404108  1.66747713 -1.95546218  0.42609955 -1.06881515 -0.05418253
  0.79325562 -0.72448938 -1.18294068 -1.87351965]",5.75829128538178,26470
104,"[ 0.65404108  1.66747713 -1.95546218  0.42609955 -1.06881515 -0.05418253
  0.79325562 -0.72448938 -1.18294068 -1.87351965]",5.75829128538178,26727
105,"[ 0.65404108  1.66747713 -1.95546218  0.42609955 -1.06881515 -0.05418253
  0.79325562 -0.72448938 -1.18294068 -1.87351965]",5.75829128538178,26984
106,"[ 0.65404108  1.66747713 -1.95546218  0.42609955 -1.06881515 -0.05418253
  0.79325562 -0.72448938 -1.18294068 -1.87351965]",5.75829128538178,27241
107,"[ 0.65404108  1.66747713 -1.95546218  0.42609955 -1.06881515 -0.05418253
  0.79325562 -0.72448938 -1.18294068 -1.87351965]",5.75829128538178,27498
108,"[ 0.65404108  1.66747713 -1.95546218  0.42609955 -1.06881515 -0.05418253
  0.79325562 -0.72448938 -1.18294068 -1.87351965]",5.75829128538178,27755
109,"[-1.05406866 -1.2695026   1.39944236  0.60018212 -0.11830535  0.3272649
  1.95957511  1.0190425  -0.97172439  0.9745903 ]",5.237754044045133,28012
110,"[-1.05406866 -1.2695026   1.39944236  0.60018212 -0.11830535  0.3272649
  1.95957511  1.0190425  -0.97172439  0.9745903 ]",5.237754044045133,28269
111,"[-1.05406866 -1.2695026   1.39944236  0.60018212 -0.11830535  0.3272649
  1.95957511  1.0190425  -0.97172439  0.9745903 ]",5.237754044045133,28526
112,"[-1.05406866 -1.2695026   1.39944236  0.60018212 -0.11830535  0.3272649
  1.95957511  1.0190425  -0.97172439  0.9745903 ]",5.237754044045133,28783
113,"[-0.24352341 -0.4483455   0.2605118  -0.078172   -1.73860532  0.41010401
  1.90187376  0.38641804 -0.26273731  0.75937182]",5.074834510570582,29040
114,"[-0.24352341 -0.4483455   0.2605118  -0.078172   -1.73860532  0.41010401
  1.90187376  0.38641804 -0.26273731  0.75937182]",5.074834510570582,29297
115,"[-0.24352341 -0.4483455   0.2605118  -0.078172   -1.73860532  0.41010401
  1.90187376  0.38641804 -0.26273731  0.75937182]",5.074834510570582,29554
116,"[-0.24352341 -0.4483455   0.2605118  -0.078172   -1.73860532  0.41010401
  1.90187376  0.38641804 -0.26273731  0.75937182]",5.074834510570582,29811
117,"[-0.24352341 -0.4483455   0.2605118  -0.078172   -1.73860532  0.41010401
  1.90187376  0.38641804 -0.26273731  0.75937182]",5.074834510570582,30068
118,"[-0.24352341 -0.4483455   0.2605118  -0.078172   -1.73860532  0.41010401
  1.90187376  0.38641804 -0.26273731  0.75937182]",5.074834510570582,30325
119,"[-0.24352341 -0.4483455   0.2605118  -0.078172   -1.73860532  0.41010401
  1.90187376  0.38641804 -0.26273731  0.75937182]",5.074834510570582,30582
120,"[ 0.02360812 -0.3915079   0.26268541  0.36302255  1.92908389  0.22544668
  0.42436582  0.07198608  0.81741569  0.57115453]",4.424117926948703,30839
121,"[ 0.02360812 -0.3915079   0.26268541  0.36302255  1.92908389  0.22544668
  0.42436582  0.07198608  0.81741569  0.57115453]",4.424117926948703,31096
122,"[ 0.02360812 -0.3915079   0.26268541  0.36302255  1.92908389  0.22544668
  0.42436582  0.07198608  0.81741569  0.57115453]",4.424117926948703,31353
123,"[ 0.02360812 -0.3915079   0.26268541  0.36302255  1.92908389  0.22544668
  0.42436582  0.07198608  0.81741569  0.57115453]",4.424117926948703,31610
124,"[ 0.02360812 -0.3915079   0.26268541  0.36302255  1.92908389  0.22544668
  0.42436582  0.07198608  0.81741569  0.57115453]",4.424117926948703,31867
125,"[ 0.02360812 -0.3915079   0.26268541  0.36302255  1.92908389  0.22544668
  0.42436582  0.07198608  0.81741569  0.57115453]",4.424117926948703,32124
126,"[ 0.02360812 -0.3915079   0.26268541  0.36302255  1.92908389  0.22544668
  0.42436582  0.07198608  0.81741569  0.57115453]",4.424117926948703,32381
127,"[ 0.02360812 -0.3915079   0.26268541  0.36302255  1.92908389  0.22544668
  0.42436582  0.07198608  0.81741569  0.57115453]",4.424117926948703,32638
128,"[ 0.02360812 -0.3915079   0.26268541  0.36302255  1.92908389  0.22544668
  0.42436582  0.07198608  0.81741569  0.57115453]",4.424117926948703,32895
129,"[ 0.02360812 -0.3915079   0.26268541  0.36302255  1.92908389  0.22544668
  0.42436582  0.07198608  0.81741569  0.57115453]",4.424117926948703,33152
130,"[ 0.02360812 -0.3915079   0.26268541  0.36302255  1.92908389  0.22544668
  0.42436582  0.07198608  0.81741569  0.57115453]",4.424117926948703,33409
131,"[ 0.02360812 -0.3915079   0.26268541  0.36302255  1.92908389  0.22544668
  0.42436582  0.07198608  0.81741569  0.57115453]",4.424117926948703,33666
132,"[ 0.02360812 -0.3915079   0.26268541  0.36302255  1.92908389  0.22544668
  0.42436582  0.07198608  0.81741569  0.57115453]",4.424117926948703,33923
133,"[ 0.02360812 -0.3915079   0.26268541  0.36302255  1.92908389  0.22544668
  0.42436582  0.07198608  0.81741569  0.57115453]",4.424117926948703,34180
134,"[ 0.02360812 -0.3915079   0.26268541  0.36302255  1.92908389  0.22544668
  0.42436582  0.07198608  0.81741569  0.57115453]",4.424117926948703,34437
135,"[ 0.39241125  0.59882565  0.91718425 -0.14763057 -0.75861693 -0.30942216
  0.19178498  0.76706357 -0.25870137 -0.34771589]",3.8054504378970972,34694
136,"[ 0.39241125  0.59882565  0.91718425 -0.14763057 -0.75861693 -0.30942216
  0.19178498  0.76706357 -0.25870137 -0.34771589]",3.8054504378970972,34951
137,"[ 0.39241125  0.59882565  0.91718425 -0.14763057 -0.75861693 -0.30942216
  0.19178498  0.76706357 -0.25870137 -0.34771589]",3.8054504378970972,35208
138,"[ 0.39241125  0.59882565  0.91718425 -0.14763057 -0.75861693 -0.30942216
  0.19178498  0.76706357 -0.25870137 -0.34771589]",3.8054504378970972,35465
139,"[ 0.39241125  0.59882565  0.91718425 -0.14763057 -0.75861693 -0.30942216
  0.19178498  0.76706357 -0.25870137 -0.34771589]",3.8054504378970972,35722
140,"[ 0.39241125  0.59882565  0.91718425 -0.14763057 -0.75861693 -0.30942216
  0.19178498  0.76706357 -0.25870137 -0.34771589]",3.8054504378970972,35979
141,"[ 0.39241125  0.59882565  0.91718425 -0.14763057 -0.75861693 -0.30942216
  0.19178498  0.76706357 -0.25870137 -0.34771589]",3.8054504378970972,36236
142,"[ 0.39241125  0.59882565  0.91718425 -0.14763057 -0.75861693 -0.30942216
  0.19178498  0.76706357 -0.25870137 -0.34771589]",3.8054504378970972,36493
143,"[ 0.39241125  0.59882565  0.91718425 -0.14763057 -0.75861693 -0.30942216
  0.19178498  0.76706357 -0.25870137 -0.34771589]",3.8054504378970972,36750
144,"[-0.2371768  -0.31614894  0.2605118  -0.078172    0.06943778 -1.14616623
  0.22499025  0.21634346 -0.26273731  0.75937182]",3.279312927938094,37007
145,"[-0.2371768  -0.31614894  0.2605118  -0.078172    0.06943778 -1.14616623
  0.22499025  0.21634346 -0.26273731  0.75937182]",3.279312927938094,37264
146,"[-0.2371768  -0.31614894  0.2605118  -0.078172    0.06943778 -1.14616623
  0.22499025  0.21634346 -0.26273731  0.75937182]",3.279312927938094,37521
147,"[-0.2371768  -0.31614894  0.2605118  -0.078172    0.06943778 -1.14616623
  0.22499025  0.21634346 -0.26273731  0.75937182]",3.279312927938094,37778
148,"[-0.2371768  -0.31614894  0.2605118  -0.078172    0.06943778 -1.14616623
  0.22499025  0.21634346 -0.26273731  0.75937182]",3.279312927938094,38035
149,"[-0.2371768  -0.31614894  0.2605118  -0.078172    0.06943778 -1.14616623
  0.22499025  0.21634346 -0.26273731  0.75937182]",3.279312927938094,38292
150,"[-0.2371768  -0.31614894  0.2605118  -0.078172    0.06943778 -1.14616623
  0.22499025  0.21634346 -0.26273731  0.75937182]",3.279312927938094,38549
151,"[ 0.06229312 -0.12482842 -0.79745746 -1.14963018 -0.05572416 -0.24722566
 -0.26291467  0.10922898 -1.06123535 -0.12279435]",3.090100973604575,38806
152,"[ 0.06229312 -0.12482842 -0.79745746 -1.14963018 -0.05572416 -0.24722566
 -0.26291467  0.10922898 -1.06123535 -0.12279435]",3.090100973604575,39063
153,"[ 0.06229312 -0.12482842 -0.79745746 -1.14963018 -0.05572416 -0.24722566
 -0.26291467  0.10922898 -1.06123535 -0.12279435]",3.090100973604575,39320
154,"[ 0.06229312 -0.12482842 -0.79745746 -1.14963018 -0.05572416 -0.24722566
 -0.26291467  0.10922898 -1.06123535 -0.12279435]",3.090100973604575,39577
155,"[ 0.06229312 -0.12482842 -0.79745746 -1.14963018 -0.05572416 -0.24722566
 -0.26291467  0.10922898 -1.06123535 -0.12279435]",3.090100973604575,39834
156,"[ 0.06229312 -0.12482842 -0.79745746 -1.14963018 -0.05572416 -0.24722566
 -0.26291467  0.10922898 -1.06123535 -0.12279435]",3.090100973604575,40091
157,"[ 0.98397096 -0.34137176  0.08279917 -0.30332514  0.06885417  0.89330829
 -0.82640105 -0.02851203 -0.06273923  0.16722536]",2.951439319136821,40348
158,"[-0.03307613 -0.03628968  0.1457019  -0.14450327 -0.27646184  0.33105786
 -0.57145998  0.54190707  0.01881842  0.30882402]",2.774147796291413,40605
159,"[-0.03307613 -0.03628968  0.1457019  -0.14450327 -0.27646184  0.33105786
 -0.57145998  0.54190707  0.01881842  0.30882402]",2.774147796291413,40862
160,"[-0.03307613 -0.03628968  0.1457019  -0.14450327 -0.27646184  0.33105786
 -0.57145998  0.54190707  0.01881842  0.30882402]",2.774147796291413,41119
161,"[-0.03307613 -0.03628968  0.1457019  -0.14450327 -0.27646184  0.33105786
 -0.57145998  0.54190707  0.01881842  0.30882402]",2.774147796291413,41376
162,"[-0.03307613 -0.03628968  0.1457019  -0.14450327 -0.27646184  0.33105786
 -0.57145998  0.54190707  0.01881842  0.30882402]",2.774147796291413,41633
163,"[-0.03307613 -0.03628968  0.1457019  -0.14450327 -0.27646184  0.33105786
 -0.57145998  0.54190707  0.01881842  0.30882402]",2.774147796291413,41890
164,"[-0.03307613 -0.03628968  0.1457019  -0.14450327 -0.27646184  0.33105786
 -0.57145998  0.54190707  0.01881842  0.30882402]",2.774147796291413,42147
165,"[-0.03307613 -0.03628968  0.1457019  -0.14450327 -0.27646184  0.33105786
 -0.57145998  0.54190707  0.01881842  0.30882402]",2.774147796291413,42404
166,"[-0.03307613 -0.03628968  0.1457019  -0.14450327 -0.27646184  0.33105786
 -0.57145998  0.54190707  0.01881842  0.30882402]",2.774147796291413,42661
167,"[ 0.05636558  0.03142265 -0.32380053  0.14653815 -0.95899105 -0.14124514
 -0.02370457 -0.06563798  0.91882207  0.14515058]",2.3779937692445263,42918
168,"[ 0.05636558  0.03142265 -0.32380053  0.14653815 -0.95899105 -0.14124514
 -0.02370457 -0.06563798  0.91882207  0.14515058]",2.3779937692445263,43175
169,"[ 0.05636558  0.03142265 -0.32380053  0.14653815 -0.95899105 -0.14124514
 -0.02370457 -0.06563798  0.91882207  0.14515058]",2.3779937692445263,43432
170,"[ 0.05636558  0.03142265 -0.32380053  0.14653815 -0.95899105 -0.14124514
 -0.02370457 -0.06563798  0.91882207  0.14515058]",2.3779937692445263,43689
171,"[ 0.05636558  0.03142265 -0.32380053  0.14653815 -0.95899105 -0.14124514
 -0.02370457 -0.06563798  0.91882207  0.14515058]",2.3779937692445263,43946
172,"[ 0.05636558  0.03142265 -0.32380053  0.14653815 -0.95899105 -0.14124514
 -0.02370457 -0.06563798  0.91882207  0.14515058]",2.3779937692445263,44203
173,"[ 0.05636558  0.03142265 -0.32380053  0.14653815 -0.95899105 -0.14124514
 -0.02370457 -0.06563798  0.91882207  0.14515058]",2.3779937692445263,44460
174,"[ 0.05636558  0.03142265 -0.32380053  0.14653815 -0.95899105 -0.14124514
 -0.02370457 -0.06563798  0.91882207  0.14515058]",2.3779937692445263,44717
175,"[ 0.05636558  0.03142265 -0.32380053  0.14653815 -0.95899105 -0.14124514
 -0.02370457 -0.06563798  0.91882207  0.14515058]",2.3779937692445263,44974
176,"[ 0.05636558  0.03142265 -0.32380053  0.14653815 -0.95899105 -0.14124514
 -0.02370457 -0.06563798  0.91882207  0.14515058]",2.3779937692445263,45231
177,"[ 0.05636558  0.03142265 -0.32380053  0.14653815 -0.95899105 -0.14124514
 -0.02370457 -0.06563798  0.91882207  0.14515058]",2.3480498491728707,45488
178,"[-0.03045253 -0.246581   -0.1474289  -0.04908993  0.13058294  0.7116975
  0.22677316 -0.21087638  0.0761558  -0.21088844]",2.2166722163081585,45745
179,"[-0.03045253 -0.246581   -0.1474289  -0.04908993  0.13058294  0.7116975
  0.22677316 -0.21087638  0.0761558  -0.21088844]",2.2166722163081585,46002
180,"[-0.03045253 -0.246581   -0.1474289  -0.04908993  0.13058294  0.7116975
  0.22677316 -0.21087638  0.0761558  -0.21088844]",2.2166722163081585,46259
181,"[-0.03045253 -0.246581   -0.1474289  -0.04908993  0.13058294  0.7116975
  0.22677316 -0.21087638  0.0761558  -0.21088844]",2.2166722163081585,46516
182,"[-0.03045253 -0.246581   -0.1474289  -0.04908993  0.13058294  0.7116975
  0.22677316 -0.21087638  0.0761558  -0.21088844]",2.2166722163081585,46773
183,"[-0.03045253 -0.246581   -0.1474289  -0.04908993  0.13058294  0.7116975
  0.22677316 -0.21087638  0.0761558  -0.21088844]",2.2166722163081585,47030
184,"[ 0.05636558  0.16135284  0.01378434  0.09328495  0.03939378 -0.25842373
 -0.02370457  0.31536282 -0.03922409 -0.15451973]",1.433698546193796,47287
185,"[ 0.05636558  0.16135284  0.01378434  0.09328495  0.03939378 -0.25842373
 -0.02370457  0.31536282 -0.03922409 -0.15451973]",1.433698546193796,47544
186,"[ 0.05636558  0.16135284  0.01378434  0.09328495  0.03939378 -0.25842373
 -0.02370457  0.31536282 -0.03922409 -0.15451973]",1.433698546193796,47801
187,"[ 0.05636558  0.16135284  0.01378434  0.09328495  0.03939378 -0.25842373
 -0.02370457  0.31536282 -0.03922409 -0.15451973]",1.433698546193796,48058
188,"[ 0.05636558  0.16135284  0.01378434  0.09328495  0.03939378 -0.25842373
 -0.02370457  0.31536282 -0.03922409 -0.15451973]",1.433698546193796,48315
189,"[ 0.05636558  0.16135284  0.01378434  0.09328495  0.03939378 -0.25842373
 -0.02370457  0.31536282 -0.03922409 -0.15451973]",1.433698546193796,48572
190,"[ 0.05636558  0.16135284  0.01378434  0.09328495  0.03939378 -0.25842373
 -0.02370457  0.31536282 -0.03922409 -0.15451973]",1.433698546193796,48829
191,"[ 0.05636558  0.16135284  0.01378434  0.09328495  0.03939378 -0.25842373
 -0.02370457  0.31536282 -0.03922409 -0.15451973]",1.433698546193796,49086
192,"[ 0.05636558  0.16135284  0.01378434  0.09328495  0.03939378 -0.25842373
 -0.02370457  0.31536282 -0.03922409 -0.15451973]",1.433698546193796,49343
193,"[ 0.05636558  0.16135284  0.01378434  0.09328495  0.03939378 -0.25842373
 -0.02370457  0.31536282 -0.03922409 -0.15451973]",1.4226705727740243,49600
194,"[ 0.05636558  0.16135284  0.01378434  0.09328495  0.03939378 -0.25842373
 -0.02370457  0.31536282 -0.03922409 -0.15451973]",1.4226705727740243,49857
195,"[ 0.05636558  0.16135284  0.01378434  0.09328495  0.03939378 -0.25842373
 -0.02370457  0.31536282 -0.03922409 -0.15451973]",1.4226705727740243,50114
196,"[ 0.05636558  0.16135284  0.01378434  0.09328495  0.03939378 -0.25842373
 -0.02370457  0.31536282 -0.03922409 -0.15451973]",1.4226705727740243,50371
197,"[ 0.05636558  0.16135284  0.01378434  0.09328495  0.03939378 -0.25842373
 -0.02370457  0.31536282 -0.03922409 -0.15451973]",1.4226705727740243,50628
198,"[ 0.05636558  0.16135284  0.01378434  0.09328495  0.03939378 -0.25842373
 -0.02370457  0.31536282 -0.03922409 -0.15451973]",1.4226705727740243,50885
199,"[ 0.05636558  0.16135284  0.01378434  0.09328495  0.03939378 -0.25842373
 -0.02370457  0.31536282 -0.03922409 -0.15451973]",1.4226705727740243,51142
200,"[ 0.05636558  0.16135284  0.01378434  0.09328495  0.03939378 -0.25842373
 -0.02370457  0.31536282 -0.03922409 -0.15451973]",1.4226705727740243,51399
201,"[ 0.05636558  0.16135284  0.01378434  0.09328495  0.03939378 -0.25842373
 -0.02370457  0.31536282 -0.03922409 -0.15451973]",1.4226705727740243,51656
202,"[ 0.05636558  0.16135284  0.01378434  0.09328495  0.03939378 -0.25842373
 -0.02370457  0.31536282 -0.03922409 -0.15451973]",1.4226705727740243,51913
203,"[ 0.05636558  0.16135284  0.01378434  0.09328495  0.03939378 -0.25842373
 -0.02370457  0.31536282 -0.03922409 -0.15451973]",1.4226705727740243,52170
204,"[ 0.05636558  0.16135284  0.01378434  0.09328495  0.03939378 -0.25842373
 -0.02370457  0.31536282 -0.03922409 -0.15451973]",1.4226705727740243,52427
205,"[ 0.05636558  0.16135284  0.01378434  0.09328495  0.03939378 -0.25842373
 -0.02370457  0.31536282 -0.03922409 -0.15451973]",1.4226705727740243,52684
206,"[ 0.05636558  0.16135284  0.01378434  0.09328495  0.03939378 -0.25842373
 -0.02370457  0.31536282 -0.03922409 -0.15451973]",1.4226705727740243,52941
207,"[ 0.05636558  0.16135284  0.01378434  0.09328495  0.03939378 -0.25842373
 -0.02370457  0.31536282 -0.03922409 -0.15451973]",1.4226705727740243,53198
208,"[ 0.05636558  0.16135284  0.01378434  0.09328495  0.03939378 -0.25842373
 -0.02370457  0.31536282 -0.03922409 -0.15451973]",1.4226705727740243,53455
209,"[ 0.05636558  0.16135284  0.01378434  0.09328495  0.03939378 -0.25842373
 -0.02370457  0.31536282 -0.03922409 -0.15451973]",1.4226705727740243,53712
210,"[ 0.05636558  0.16135284  0.01378434  0.09328495  0.03939378 -0.25842373
 -0.02370457  0.31536282 -0.03922409 -0.15451973]",1.4226705727740243,53969
211,"[ 0.05636558  0.16135284  0.01378434  0.09328495  0.03939378 -0.25842373
 -0.02370457  0.31536282 -0.03922409 -0.15451973]",1.4226705727740243,54226
212,"[ 0.05636558  0.16135284  0.01378434  0.09328495  0.03939378 -0.25842373
 -0.02370457  0.31536282 -0.03922409 -0.15451973]",1.4226705727740243,54483
213,"[ 0.05636558  0.16135284  0.01378434  0.09328495  0.03939378 -0.25842373
 -0.02370457  0.31536282 -0.03922409 -0.15451973]",1.4226705727740243,54740
214,"[ 0.05636558  0.16135284  0.01378434  0.09328495  0.03939378 -0.25842373
 -0.02370457  0.31536282 -0.03922409 -0.15451973]",1.4226705727740243,54997
215,"[-0.09219752  0.1970065  -0.17311842  0.16452994 -0.17889611 -0.03742068
  0.1070152  -0.152646   -0.11219255 -0.10459587]",1.3637668457058258,55254
216,"[-0.09219752  0.1970065  -0.17311842  0.16452994 -0.17889611 -0.03742068
  0.1070152  -0.152646   -0.11219255 -0.10459587]",1.3637668457058258,55511
217,"[-0.09219752  0.1970065  -0.17311842  0.16452994 -0.17889611 -0.03742068
  0.1070152  -0.152646   -0.11219255 -0.10459587]",1.3637668457058258,55768
218,"[-0.09219752  0.1970065  -0.17311842  0.16452994 -0.17889611 -0.03742068
  0.1070152  -0.152646   -0.11219255 -0.10459587]",1.3637668457058258,56025
219,"[-0.09219752  0.1970065  -0.17311842  0.16452994 -0.17889611 -0.03742068
  0.1070152  -0.152646   -0.11219255 -0.10459587]",1.3637668457058258,56282
220,"[-0.09219752  0.1970065  -0.17311842  0.16452994 -0.17889611 -0.03742068
  0.1070152  -0.152646   -0.11219255 -0.10459587]",1.3637668457058258,56539
221,"[-0.09219752  0.1970065  -0.17311842  0.16452994 -0.17889611 -0.03742068
  0.1070152  -0.152646   -0.11219255 -0.10459587]",1.3637668457058258,56796
222,"[-0.20604265  0.14658254  0.05502064  0.19730172 -0.06533266 -0.15372856
  0.12325433 -0.05379592  0.10099046  0.18218845]",1.3527908147874013,57053
223,"[-0.18006521  0.07805222 -0.11337133 -0.04956688 -0.19118147  0.03511177
 -0.00542758 -0.10058685 -0.08455075  0.26470105]",1.2467106951675366,57310
224,"[-0.18006521  0.07805222 -0.11337133 -0.04956688 -0.19118147  0.03511177
 -0.00542758 -0.10058685 -0.08455075  0.26470105]",1.2467106951675366,57567
225,"[-0.18006521  0.07805222 -0.11337133 -0.04956688 -0.19118147  0.03511177
 -0.00542758 -0.10058685 -0.08455075  0.26470105]",1.2467106951675366,57824
226,"[-0.18006521  0.07805222 -0.11337133 -0.04956688 -0.19118147  0.03511177
 -0.00542758 -0.10058685 -0.08455075  0.26470105]",1.2467106951675366,58081
227,"[ 0.08152561 -0.01850145  0.17333511 -0.06355607  0.0388775   0.01961312
  0.08526682 -0.1076346   0.00517329  0.00903444]",0.6076518630041474,58338
228,"[ 0.08152561 -0.01850145  0.17333511 -0.06355607  0.0388775   0.01961312
  0.08526682 -0.1076346   0.00517329  0.00903444]",0.6076518630041474,58595
229,"[ 0.08152561 -0.01850145  0.17333511 -0.06355607  0.0388775   0.01961312
  0.08526682 -0.1076346   0.00517329  0.00903444]",0.6076518630041474,58852
230,"[ 0.08152561 -0.01850145  0.17333511 -0.06355607  0.0388775   0.01961312
  0.08526682 -0.1076346   0.00517329  0.00903444]",0.6076518630041474,59109
231,"[ 0.08152561 -0.01850145  0.17333511 -0.06355607  0.0388775   0.01961312
  0.08526682 -0.1076346   0.00517329  0.00903444]",0.6076518630041474,59366
232,"[ 0.08152561 -0.01850145  0.17333511 -0.06355607  0.0388775   0.01961312
  0.08526682 -0.1076346   0.00517329  0.00903444]",0.6076518630041474,59623
233,"[ 0.08152561 -0.01850145  0.17333511 -0.06355607  0.0388775   0.01961312
  0.08526682 -0.1076346   0.00517329  0.00903444]",0.6076518630041474,59880
234,"[ 0.08152561 -0.01850145  0.17333511 -0.06355607  0.0388775   0.01961312
  0.08526682 -0.1076346   0.00517329  0.00903444]",0.6076518630041474,60137
235,"[ 0.08152561 -0.01850145  0.17333511 -0.06355607  0.0388775   0.01961312
  0.08526682 -0.1076346   0.00517329  0.00903444]",0.6076518630041474,60394
236,"[ 0.08152561 -0.01850145  0.17333511 -0.06355607  0.0388775   0.01961312
  0.08526682 -0.1076346   0.00517329  0.00903444]",0.6076518630041474,60651
237,"[ 0.08152561 -0.01850145  0.17333511 -0.06355607  0.0388775   0.01961312
  0.08526682 -0.1076346   0.00517329  0.00903444]",0.6076518630041474,60908
238,"[ 0.08152561 -0.01850145  0.17333511 -0.06355607  0.0388775   0.01961312
  0.08526682 -0.1076346   0.00517329  0.00903444]",0.6076518630041474,61165
239,"[ 0.08152561 -0.01850145  0.17333511 -0.06355607  0.0388775   0.01961312
  0.08526682 -0.1076346   0.00517329  0.00903444]",0.6076518630041474,61422
240,"[ 0.08152561 -0.01850145  0.17333511 -0.06355607  0.0388775   0.01961312
  0.08526682 -0.1076346   0.00517329  0.00903444]",0.6076518630041474,61679
241,"[ 0.08152561 -0.01850145  0.17333511 -0.06355607  0.0388775   0.01961312
  0.08526682 -0.1076346   0.00517329  0.00903444]",0.6076518630041474,61936
242,"[ 0.08152561 -0.01850145  0.17333511 -0.06355607  0.0388775   0.01961312
  0.08526682 -0.1076346   0.00517329  0.00903444]",0.6076518630041474,62193
243,"[ 0.08152561 -0.01850145  0.17333511 -0.06355607  0.0388775   0.01961312
  0.08526682 -0.1076346   0.00517329  0.00903444]",0.6076518630041474,62450
244,"[ 0.08152561 -0.01850145  0.17333511 -0.06355607  0.0388775   0.01961312
  0.08526682 -0.1076346   0.00517329  0.00903444]",0.6076518630041474,62707
245,"[ 0.08152561 -0.01850145  0.17333511 -0.06355607  0.0388775   0.01961312
  0.08526682 -0.1076346   0.00517329  0.00903444]",0.6076518630041474,62964
246,"[ 0.08152561 -0.01850145  0.17333511 -0.06355607  0.0388775   0.01961312
  0.08526682 -0.1076346   0.00517329  0.00903444]",0.6076518630041474,63221
247,"[ 0.08152561 -0.01850145  0.17333511 -0.06355607  0.0388775   0.01961312
  0.08526682 -0.1076346   0.00517329  0.00903444]",0.6076518630041474,63478
248,"[-0.05282665 -0.03191054  0.02910869  0.06578578 -0.04832927 -0.0720077
  0.05933056 -0.07912551  0.16280107 -0.06937506]",0.5806062866182278,63735
249,"[-0.05282665 -0.03191054  0.02910869  0.06578578 -0.04832927 -0.0720077
  0.05933056 -0.07912551  0.16280107 -0.06937506]",0.5806062866182278,63992
250,"[-0.05282665 -0.03191054  0.02910869  0.06578578 -0.04832927 -0.0720077
  0.05933056 -0.07912551  0.16280107 -0.06937506]",0.5806062866182278,64249
251,"[-0.05282665 -0.03191054  0.02910869  0.06578578 -0.04832927 -0.0720077
  0.05933056 -0.07912551  0.16280107 -0.06937506]",0.5387510017588828,64506
252,"[-0.05282665 -0.03191054  0.02910869  0.06578578 -0.04832927 -0.0720077
  0.05933056 -0.07912551  0.16280107 -0.06937506]",0.5387510017588828,64763
253,"[ 0.07269949  0.04970682 -0.06259256  0.08952011 -0.07277907 -0.07689331
  0.02754903 -0.04463963  0.0193397  -0.12891306]",0.5340200097357699,65020
254,"[ 0.07269949  0.04970682 -0.06259256  0.08952011 -0.07277907 -0.07689331
  0.02754903 -0.04463963  0.0193397  -0.12891306]",0.5340200097357699,65277
255,"[ 0.12439963 -0.00719259  0.00851991 -0.02447135  0.10513919  0.05793081
 -0.01559782  0.04125681 -0.09237007 -0.03049448]",0.46675657713279195,65534
256,"[-0.05327494 -0.06054518  0.0845733  -0.01655247  0.01983953 -0.00713287
 -0.00900275 -0.1275401   0.01062745 -0.01515941]",0.3778780382141105,65791
257,"[-0.05327494 -0.06054518  0.0845733  -0.01655247  0.01983953 -0.00713287
 -0.00900275 -0.1275401   0.01062745 -0.01515941]",0.3778780382141105,66048
258,"[-0.05327494 -0.06054518  0.0845733  -0.01655247  0.01983953 -0.00713287
 -0.00900275 -0.1275401   0.01062745 -0.01515941]",0.3778780382141105,66305
259,"[-0.05327494 -0.06054518  0.0845733  -0.01655247  0.01983953 -0.00713287
 -0.00900275 -0.1275401   0.01062745 -0.01515941]",0.3778780382141105,66562
260,"[-0.05327494 -0.06054518  0.0845733  -0.01655247  0.01983953 -0.00713287
 -0.00900275 -0.1275401   0.01062745 -0.01515941]",0.3778780382141105,66819
261,"[-0.05327494 -0.06054518  0.0845733  -0.01655247  0.01983953 -0.00713287
 -0.00900275 -0.1275401   0.01062745 -0.01515941]",0.3778780382141105,67076
262,"[-0.0293852  -0.01913857 -0.03745313 -0.01930439 -0.01822222 -0.02164775
  0.06687149  0.11056513  0.01012381  0.03622202]",0.2985697368280822,67333
263,"[-0.0293852  -0.01913857 -0.03745313 -0.01930439 -0.01822222 -0.02164775
  0.06687149  0.11056513  0.01012381  0.03622202]",0.2985697368280822,67590
264,"[-0.0293852  -0.01913857 -0.03745313 -0.01930439 -0.01822222 -0.02164775
  0.06687149  0.11056513  0.01012381  0.03622202]",0.2985697368280822,67847
265,"[-0.0293852  -0.01913857 -0.03745313 -0.01930439 -0.01822222 -0.02164775
  0.06687149  0.11056513  0.01012381  0.03622202]",0.2985697368280822,68104
266,"[-0.0293852  -0.01913857 -0.03745313 -0.01930439 -0.01822222 -0.02164775
  0.06687149  0.11056513  0.01012381  0.03622202]",0.2985697368280822,68361
267,"[-0.0293852  -0.01913857 -0.03745313 -0.01930439 -0.01822222 -0.02164775
  0.06687149  0.11056513  0.01012381  0.03622202]",0.2985697368280822,68618
268,"[-0.0293852  -0.01913857 -0.03745313 -0.01930439 -0.01822222 -0.02164775
  0.06687149  0.11056513  0.01012381  0.03622202]",0.2985697368280822,68875
269,"[-0.0293852  -0.01913857 -0.03745313 -0.01930439 -0.01822222 -0.02164775
  0.06687149  0.11056513  0.01012381  0.03622202]",0.2985697368280822,69132
270,"[-0.0293852  -0.01913857 -0.03745313 -0.01930439 -0.01822222 -0.02164775
  0.06687149  0.11056513  0.01012381  0.03622202]",0.2985697368280822,69389
271,"[ 0.03929093  0.00088447  0.07791713 -0.06355607  0.03538486  0.01961312
  0.0043203   0.07575808 -0.01012287  0.00903444]",0.274403185336745,69646
272,"[ 0.03929093  0.00088447  0.07791713 -0.06355607  0.03538486  0.01961312
  0.0043203   0.07575808 -0.01012287  0.00903444]",0.274403185336745,69903
273,"[ 0.03929093  0.00088447  0.07791713 -0.06355607  0.03538486  0.01961312
  0.0043203   0.07575808 -0.01012287  0.00903444]",0.274403185336745,70160
274,"[ 0.02311379 -0.01345008 -0.01718634 -0.04259192 -0.01344351 -0.04106195
 -0.07469337 -0.01544331  0.00605384  0.02201763]",0.19030199829278205,70417
275,"[ 0.02311379 -0.01345008 -0.01718634 -0.04259192 -0.01344351 -0.04106195
 -0.07469337 -0.01544331  0.00605384  0.02201763]",0.19030199829278205,70674
276,"[ 0.02311379 -0.01345008 -0.01718634 -0.04259192 -0.01344351 -0.04106195
 -0.07469337 -0.01544331  0.00605384  0.02201763]",0.19030199829278205,70931
277,"[ 0.02311379 -0.01345008 -0.01718634 -0.04259192 -0.01344351 -0.04106195
 -0.07469337 -0.01544331  0.00605384  0.02201763]",0.19030199829278205,71188
278,"[ 0.02311379 -0.01345008 -0.01718634 -0.04259192 -0.01344351 -0.04106195
 -0.07469337 -0.01544331  0.00605384  0.02201763]",0.19030199829278205,71445
279,"[ 0.02311379 -0.01345008 -0.01718634 -0.04259192 -0.01344351 -0.04106195
 -0.07469337 -0.01544331  0.00605384  0.02201763]",0.19030199829278205,71702
280,"[ 0.02311379 -0.01345008 -0.01718634 -0.04259192 -0.01344351 -0.04106195
 -0.07469337 -0.01544331  0.00605384  0.02201763]",0.19030199829278205,71959
281,"[ 0.02311379 -0.01345008 -0.01718634 -0.04259192 -0.01344351 -0.04106195
 -0.07469337 -0.01544331  0.00605384  0.02201763]",0.19030199829278205,72216
282,"[ 0.02311379 -0.01345008 -0.01718634 -0.04259192 -0.01344351 -0.04106195
 -0.07469337 -0.01544331  0.00605384  0.02201763]",0.19030199829278205,72473
283,"[ 0.02311379 -0.01345008 -0.01718634 -0.04259192 -0.01344351 -0.04106195
 -0.07469337 -0.01544331  0.00605384  0.02201763]",0.19030199829278205,72730
284,"[ 0.01128829  0.02078757 -0.01815344 -0.05639576  0.00974182 -0.02101166
  0.0694603   0.02195319  0.01763658 -0.01617549]",0.18419852449601537,72987
285,"[ 0.01128829  0.02078757 -0.01815344 -0.05639576  0.00974182 -0.02101166
  0.0694603   0.02195319  0.01763658 -0.01617549]",0.18419852449601537,73244
286,"[ 0.01128829  0.02078757 -0.01815344 -0.05639576  0.00974182 -0.02101166
  0.0694603   0.02195319  0.01763658 -0.01617549]",0.18419852449601537,73501
287,"[ 0.01128829  0.02078757 -0.01815344 -0.05639576  0.00974182 -0.02101166
  0.0694603   0.02195319  0.01763658 -0.01617549]",0.18419852449601537,73758
288,"[ 0.01128829  0.02078757 -0.01815344 -0.05639576  0.00974182 -0.02101166
  0.0694603   0.02195319  0.01763658 -0.01617549]",0.18419852449601537,74015
289,"[ 0.01128829  0.02078757 -0.01815344 -0.05639576  0.00974182 -0.02101166
  0.0694603   0.02195319  0.01763658 -0.01617549]",0.18419852449601537,74272
290,"[-0.01819761 -0.00555338 -0.05920159 -0.00797147  0.0437724  -0.01877832
  0.007326   -0.04480591 -0.03955351  0.01574211]",0.17966724924030375,74529
291,"[-0.00363493  0.00542164 -0.01057086  0.05004549  0.0198937  -0.0507556
 -0.01856661 -0.0351152   0.02313582  0.03764734]",0.16912400206022626,74786
292,"[-0.00363493  0.00542164 -0.01057086  0.05004549  0.0198937  -0.0507556
 -0.01856661 -0.0351152   0.02313582  0.03764734]",0.16912400206022626,75043
293,"[ 0.03884251 -0.01731713  0.03874556  0.00962597 -0.02966619  0.02187186
 -0.00705698  0.00863035  0.00283404  0.00709992]",0.11503889844561188,75300
294,"[ 0.03884251 -0.01731713  0.03874556  0.00962597 -0.02966619  0.02187186
 -0.00705698  0.00863035  0.00283404  0.00709992]",0.11503889844561188,75557
295,"[ 0.03884251 -0.01731713  0.03874556  0.00962597 -0.02966619  0.02187186
 -0.00705698  0.00863035  0.00283404  0.00709992]",0.11503889844561188,75814
296,"[ 0.03884251 -0.01731713  0.03874556  0.00962597 -0.02966619  0.02187186
 -0.00705698  0.00863035  0.00283404  0.00709992]",0.11503889844561188,76071
297,"[-0.0071363   0.023934   -0.0222163   0.00912565 -0.02540096  0.00842045
 -0.01732171 -0.02519457  0.03884117  0.00059436]",0.10658399077714664,76328
298,"[-0.0071363   0.023934   -0.0222163   0.00912565 -0.02540096  0.00842045
 -0.01732171 -0.02519457  0.03884117  0.00059436]",0.10658399077714664,76585
299,"[-0.0071363   0.023934   -0.0222163   0.00912565 -0.02540096  0.00842045
 -0.01732171 -0.02519457  0.03884117  0.00059436]",0.10658399077714664,76842
300,"[-0.0071363   0.023934   -0.0222163   0.00912565 -0.02540096  0.00842045
 -0.01732171 -0.02519457  0.03884117  0.00059436]",0.10658399077714664,77099
301,"[-0.0071363   0.023934   -0.0222163   0.00912565 -0.02540096  0.00842045
 -0.01732171 -0.02519457  0.03884117  0.00059436]",0.10658399077714664,77356
302,"[-0.0071363   0.023934   -0.0222163   0.00912565 -0.02540096  0.00842045
 -0.01732171 -0.02519457  0.03884117  0.00059436]",0.10658399077714664,77613
303,"[-0.0071363   0.023934   -0.0222163   0.00912565 -0.02540096  0.00842045
 -0.01732171 -0.02519457  0.03884117  0.00059436]",0.10658399077714664,77870
304,"[-0.0071363   0.023934   -0.0222163   0.00912565 -0.02540096  0.00842045
 -0.01732171 -0.02519457  0.03884117  0.00059436]",0.10658399077714664,78127
305,"[-0.0071363   0.023934   -0.0222163   0.00912565 -0.02540096  0.00842045
 -0.01732171 -0.02519457  0.03884117  0.00059436]",0.10658399077714664,78384
306,"[-0.0071363   0.023934   -0.0222163   0.00912565 -0.02540096  0.00842045
 -0.01732171 -0.02519457  0.03884117  0.00059436]",0.10658399077714664,78641
307,"[-0.0189087  -0.03582273  0.0223384   0.01349857 -0.01149435 -0.01509343
 -0.01719769 -0.00157163  0.02443606 -0.01262203]",0.09710240630609634,78898
308,"[-0.0189087  -0.03582273  0.0223384   0.01349857 -0.01149435 -0.01509343
 -0.01719769 -0.00157163  0.02443606 -0.01262203]",0.09710240630609634,79155
309,"[-0.0189087  -0.03582273  0.0223384   0.01349857 -0.01149435 -0.01509343
 -0.01719769 -0.00157163  0.02443606 -0.01262203]",0.09710240630609634,79412
310,"[-0.0189087  -0.03582273  0.0223384   0.01349857 -0.01149435 -0.01509343
 -0.01719769 -0.00157163  0.02443606 -0.01262203]",0.09710240630609634,79669
311,"[-0.0189087  -0.03582273  0.0223384   0.01349857 -0.01149435 -0.01509343
 -0.01719769 -0.00157163  0.02443606 -0.01262203]",0.09710240630609634,79926
312,"[-0.0189087  -0.03582273  0.0223384   0.01349857 -0.01149435 -0.01509343
 -0.01719769 -0.00157163  0.02443606 -0.01262203]",0.09710240630609634,80183
313,"[-0.0189087  -0.03582273  0.0223384   0.01349857 -0.01149435 -0.01509343
 -0.01719769 -0.00157163  0.02443606 -0.01262203]",0.09710240630609634,80440
314,"[ 9.17375131e-05  1.28630460e-02  9.76485687e-03 -1.82817957e-02
  1.85934317e-02 -2.30766578e-02 -2.04693515e-02  2.50299163e-03
 -1.35647751e-03 -1.66390923e-02]",0.07057824293767512,80697
315,"[ 9.17375131e-05  1.28630460e-02  9.76485687e-03 -1.82817957e-02
  1.85934317e-02 -2.30766578e-02 -2.04693515e-02  2.50299163e-03
 -1.35647751e-03 -1.66390923e-02]",0.07057824293767512,80954
316,"[ 9.17375131e-05  1.28630460e-02  9.76485687e-03 -1.82817957e-02
  1.85934317e-02 -2.30766578e-02 -2.04693515e-02  2.50299163e-03
 -1.35647751e-03 -1.66390923e-02]",0.07057824293767512,81211
317,"[ 9.17375131e-05  1.28630460e-02  9.76485687e-03 -1.82817957e-02
  1.85934317e-02 -2.30766578e-02 -2.04693515e-02  2.50299163e-03
 -1.35647751e-03 -1.66390923e-02]",0.07057824293767512,81468
318,"[ 9.17375131e-05  1.28630460e-02  9.76485687e-03 -1.82817957e-02
  1.85934317e-02 -2.30766578e-02 -2.04693515e-02  2.50299163e-03
 -1.35647751e-03 -1.66390923e-02]",0.07057824293767512,81725
319,"[ 0.00813782 -0.00686531  0.0052638  -0.01178885  0.0086101   0.00453727
 -0.02242121  0.02536613  0.00344509 -0.01273492]",0.06107516006757452,81982
320,"[ 0.00813782 -0.00686531  0.0052638  -0.01178885  0.0086101   0.00453727
 -0.02242121  0.02536613  0.00344509 -0.01273492]",0.06107516006757452,82239
321,"[ 0.00813782 -0.00686531  0.0052638  -0.01178885  0.0086101   0.00453727
 -0.02242121  0.02536613  0.00344509 -0.01273492]",0.06107516006757452,82496
322,"[ 0.00813782 -0.00686531  0.0052638  -0.01178885  0.0086101   0.00453727
 -0.02242121  0.02536613  0.00344509 -0.01273492]",0.06107516006757452,82753
323,"[ 0.00813782 -0.00686531  0.0052638  -0.01178885  0.0086101   0.00453727
 -0.02242121  0.02536613  0.00344509 -0.01273492]",0.06107516006757452,83010
324,"[ 0.00813782 -0.00686531  0.0052638  -0.01178885  0.0086101   0.00453727
 -0.02242121  0.02536613  0.00344509 -0.01273492]",0.06107516006757452,83267
325,"[ 0.00813782 -0.00686531  0.0052638  -0.01178885  0.0086101   0.00453727
 -0.02242121  0.02536613  0.00344509 -0.01273492]",0.06107516006757452,83524
326,"[ 0.00813782 -0.00686531  0.0052638  -0.01178885  0.0086101   0.00453727
 -0.02242121  0.02536613  0.00344509 -0.01273492]",0.06107516006757452,83781
327,"[-0.01539752  0.00092986 -0.00648929 -0.00852224  0.00012556 -0.00904112
 -0.01723612 -0.00583158  0.02185148  0.00971225]",0.053363475841760266,84038
328,"[-0.01539752  0.00092986 -0.00648929 -0.00852224  0.00012556 -0.00904112
 -0.01723612 -0.00583158  0.02185148  0.00971225]",0.053363475841760266,84295
329,"[-0.01539752  0.00092986 -0.00648929 -0.00852224  0.00012556 -0.00904112
 -0.01723612 -0.00583158  0.02185148  0.00971225]",0.053363475841760266,84552
330,"[-0.01539752  0.00092986 -0.00648929 -0.00852224  0.00012556 -0.00904112
 -0.01723612 -0.00583158  0.02185148  0.00971225]",0.053363475841760266,84809
331,"[-0.01539752  0.00092986 -0.00648929 -0.00852224  0.00012556 -0.00904112
 -0.01723612 -0.00583158  0.02185148  0.00971225]",0.053363475841760266,85066
332,"[-0.01539752  0.00092986 -0.00648929 -0.00852224  0.00012556 -0.00904112
 -0.01723612 -0.00583158  0.02185148  0.00971225]",0.053363475841760266,85323
333,"[-0.01539752  0.00092986 -0.00648929 -0.00852224  0.00012556 -0.00904112
 -0.01723612 -0.00583158  0.02185148  0.00971225]",0.053363475841760266,85580
334,"[-0.01539752  0.00092986 -0.00648929 -0.00852224  0.00012556 -0.00904112
 -0.01723612 -0.00583158  0.02185148  0.00971225]",0.053363475841760266,85837
335,"[-0.01539752  0.00092986 -0.00648929 -0.00852224  0.00012556 -0.00904112
 -0.01723612 -0.00583158  0.02185148  0.00971225]",0.053363475841760266,86094
336,"[-0.01539752  0.00092986 -0.00648929 -0.00852224  0.00012556 -0.00904112
 -0.01723612 -0.00583158  0.02185148  0.00971225]",0.053363475841760266,86351
337,"[-0.01539752  0.00092986 -0.00648929 -0.00852224  0.00012556 -0.00904112
 -0.01723612 -0.00583158  0.02185148  0.00971225]",0.053363475841760266,86608
338,"[-0.01539752  0.00092986 -0.00648929 -0.00852224  0.00012556 -0.00904112
 -0.01723612 -0.00583158  0.02185148  0.00971225]",0.053363475841760266,86865
339,"[-0.01539752  0.00092986 -0.00648929 -0.00852224  0.00012556 -0.00904112
 -0.01723612 -0.00583158  0.02185148  0.00971225]",0.053363475841760266,87122
340,"[ 0.00458908 -0.00554419 -0.00836978 -0.00233996  0.02438779 -0.00144438
 -0.00952755 -0.00730008  0.00069075  0.00889778]",0.043980633876917086,87379
341,"[ 0.00458908 -0.00554419 -0.00836978 -0.00233996  0.02438779 -0.00144438
 -0.00952755 -0.00730008  0.00069075  0.00889778]",0.043980633876917086,87636
342,"[ 0.00458908 -0.00554419 -0.00836978 -0.00233996  0.02438779 -0.00144438
 -0.00952755 -0.00730008  0.00069075  0.00889778]",0.043980633876917086,87893
343,"[ 0.00609234  0.00541091  0.00171625 -0.00559183  0.00428459 -0.01120069
  0.0080096   0.00991121  0.01106175  0.00437551]",0.03253702792720903,88150
344,"[ 0.00609234  0.00541091  0.00171625 -0.00559183  0.00428459 -0.01120069
  0.0080096   0.00991121  0.01106175  0.00437551]",0.03253702792720903,88407
345,"[ 0.00609234  0.00541091  0.00171625 -0.00559183  0.00428459 -0.01120069
  0.0080096   0.00991121  0.01106175  0.00437551]",0.03253702792720903,88664
346,"[ 0.00609234  0.00541091  0.00171625 -0.00559183  0.00428459 -0.01120069
  0.0080096   0.00991121  0.01106175  0.00437551]",0.03253702792720903,88921
347,"[ 0.01077222  0.00566558 -0.00080298  0.00175061 -0.00125463  0.00153381
 -0.00595706 -0.00754449  0.01029155  0.01112645]",0.030195105508795894,89178
348,"[ 0.01077222  0.00566558 -0.00080298  0.00175061 -0.00125463  0.00153381
 -0.00595706 -0.00754449  0.01029155  0.01112645]",0.030195105508795894,89435
349,"[ 0.01077222  0.00566558 -0.00080298  0.00175061 -0.00125463  0.00153381
 -0.00595706 -0.00754449  0.01029155  0.01112645]",0.030195105508795894,89692
350,"[ 0.01077222  0.00566558 -0.00080298  0.00175061 -0.00125463  0.00153381
 -0.00595706 -0.00754449  0.01029155  0.01112645]",0.030195105508795894,89949
351,"[ 0.01077222  0.00566558 -0.00080298  0.00175061 -0.00125463  0.00153381
 -0.00595706 -0.00754449  0.01029155  0.01112645]",0.030195105508795894,90206
352,"[ 0.01077222  0.00566558 -0.00080298  0.00175061 -0.00125463  0.00153381
 -0.00595706 -0.00754449  0.01029155  0.01112645]",0.030195105508795894,90463
353,"[ 0.01077222  0.00566558 -0.00080298  0.00175061 -0.00125463  0.00153381
 -0.00595706 -0.00754449  0.01029155  0.01112645]",0.030195105508795894,90720
354,"[ 0.01077222  0.00566558 -0.00080298  0.00175061 -0.00125463  0.00153381
 -0.00595706 -0.00754449  0.01029155  0.01112645]",0.030195105508795894,90977
355,"[ 0.01077222  0.00566558 -0.00080298  0.00175061 -0.00125463  0.00153381
 -0.00595706 -0.00754449  0.01029155  0.01112645]",0.030195105508795894,91234
356,"[ 0.01077222  0.00566558 -0.00080298  0.00175061 -0.00125463  0.00153381
 -0.00595706 -0.00754449  0.01029155  0.01112645]",0.030195105508795894,91491
357,"[ 0.01077222  0.00566558 -0.00080298  0.00175061 -0.00125463  0.00153381
 -0.00595706 -0.00754449  0.01029155  0.01112645]",0.030195105508795894,91748
358,"[ 0.0053016   0.00315794  0.00563121  0.01651402 -0.00644694  0.00454224
 -0.00151916 -0.00111904 -0.00450007  0.00581539]",0.02965753128604165,92005
359,"[ 0.0053016   0.00315794  0.00563121  0.01651402 -0.00644694  0.00454224
 -0.00151916 -0.00111904 -0.00450007  0.00581539]",0.02965753128604165,92262
360,"[-0.00532526  0.00636711 -0.00469448  0.00987734 -0.0046613  -0.00792006
 -0.00484605  0.00130091  0.00662951  0.00761488]",0.02742973148557626,92519
361,"[-0.00532526  0.00636711 -0.00469448  0.00987734 -0.0046613  -0.00792006
 -0.00484605  0.00130091  0.00662951  0.00761488]",0.02742973148557626,92776
362,"[-0.00532526  0.00636711 -0.00469448  0.00987734 -0.0046613  -0.00792006
 -0.00484605  0.00130091  0.00662951  0.00761488]",0.02742973148557626,93033
363,"[-0.00532526  0.00636711 -0.00469448  0.00987734 -0.0046613  -0.00792006
 -0.00484605  0.00130091  0.00662951  0.00761488]",0.02742973148557626,93290
364,"[-0.00532526  0.00636711 -0.00469448  0.00987734 -0.0046613  -0.00792006
 -0.00484605  0.00130091  0.00662951  0.00761488]",0.02742973148557626,93547
365,"[-0.00332738  0.0009771  -0.0061802  -0.00659093  0.00571883  0.00490653
  0.0049382  -0.00630607  0.0032326  -0.00119619]",0.02024141474300878,93804
366,"[-0.00332738  0.0009771  -0.0061802  -0.00659093  0.00571883  0.00490653
  0.0049382  -0.00630607  0.0032326  -0.00119619]",0.02024141474300878,94061
367,"[ 0.00400106  0.00315794  0.00397214 -0.00359322 -0.00695312 -0.00083727
 -0.00151916 -0.00111904 -0.00095742 -0.00541725]",0.015566898571144794,94318
368,"[ 0.00400106  0.00315794  0.00397214 -0.00359322 -0.00695312 -0.00083727
 -0.00151916 -0.00111904 -0.00095742 -0.00541725]",0.015566898571144794,94575
369,"[ 0.00400106  0.00315794  0.00397214 -0.00359322 -0.00695312 -0.00083727
 -0.00151916 -0.00111904 -0.00095742 -0.00541725]",0.015566898571144794,94832
370,"[ 0.00400106  0.00315794  0.00397214 -0.00359322 -0.00695312 -0.00083727
 -0.00151916 -0.00111904 -0.00095742 -0.00541725]",0.015566898571144794,95089
371,"[ 0.00400106  0.00315794  0.00397214 -0.00359322 -0.00695312 -0.00083727
 -0.00151916 -0.00111904 -0.00095742 -0.00541725]",0.015566898571144794,95346
372,"[ 0.00400106  0.00315794  0.00397214 -0.00359322 -0.00695312 -0.00083727
 -0.00151916 -0.00111904 -0.00095742 -0.00541725]",0.015566898571144794,95603
373,"[ 0.00400106  0.00315794  0.00397214 -0.00359322 -0.00695312 -0.00083727
 -0.00151916 -0.00111904 -0.00095742 -0.00541725]",0.015566898571144794,95860
374,"[ 0.00400106  0.00315794  0.00397214 -0.00359322 -0.00695312 -0.00083727
 -0.00151916 -0.00111904 -0.00095742 -0.00541725]",0.015566898571144794,96117
375,"[ 0.00400106  0.00315794  0.00397214 -0.00359322 -0.00695312 -0.00083727
 -0.00151916 -0.00111904 -0.00095742 -0.00541725]",0.015566898571144794,96374
376,"[ 0.00400106  0.00315794  0.00397214 -0.00359322 -0.00695312 -0.00083727
 -0.00151916 -0.00111904 -0.00095742 -0.00541725]",0.015566898571144794,96631
377,"[ 0.00119873  0.00306188  0.00533142  0.0019777   0.00375129  0.00120285
  0.00236945  0.00787844 -0.0027584   0.00153517]",0.015494185583599052,96888
378,"[ 0.00119873  0.00306188  0.00533142  0.0019777   0.00375129  0.00120285
  0.00236945  0.00787844 -0.0027584   0.00153517]",0.015494185583599052,97145
379,"[ 0.00119873  0.00306188  0.00533142  0.0019777   0.00375129  0.00120285
  0.00236945  0.00787844 -0.0027584   0.00153517]",0.015494185583599052,97402
380,"[ 6.55067095e-03 -3.35054656e-03 -1.01256974e-04 -2.33282054e-03
 -3.58632043e-03  2.30111015e-03  8.85227805e-05 -9.29412563e-04
  1.10254507e-03  4.96922600e-04]",0.011745828098061128,97659
381,"[ 6.55067095e-03 -3.35054656e-03 -1.01256974e-04 -2.33282054e-03
 -3.58632043e-03  2.30111015e-03  8.85227805e-05 -9.29412563e-04
  1.10254507e-03  4.96922600e-04]",0.011745828098061128,97916
382,"[ 6.55067095e-03 -3.35054656e-03 -1.01256974e-04 -2.33282054e-03
 -3.58632043e-03  2.30111015e-03  8.85227805e-05 -9.29412563e-04
  1.10254507e-03  4.96922600e-04]",0.011745828098061128,98173
383,"[ 6.55067095e-03 -3.35054656e-03 -1.01256974e-04 -2.33282054e-03
 -3.58632043e-03  2.30111015e-03  8.85227805e-05 -9.29412563e-04
  1.10254507e-03  4.96922600e-04]",0.011745828098061128,98430
384,"[ 6.55067095e-03 -3.35054656e-03 -1.01256974e-04 -2.33282054e-03
 -3.58632043e-03  2.30111015e-03  8.85227805e-05 -9.29412563e-04
  1.10254507e-03  4.96922600e-04]",0.011745828098061128,98687
385,"[ 6.55067095e-03 -3.35054656e-03 -1.01256974e-04 -2.33282054e-03
 -3.58632043e-03  2.30111015e-03  8.85227805e-05 -9.29412563e-04
  1.10254507e-03  4.96922600e-04]",0.011745828098061128,98944
386,"[ 6.55067095e-03 -3.35054656e-03 -1.01256974e-04 -2.33282054e-03
 -3.58632043e-03  2.30111015e-03  8.85227805e-05 -9.29412563e-04
  1.10254507e-03  4.96922600e-04]",0.011745828098061128,99201
387,"[ 6.55067095e-03 -3.35054656e-03 -1.01256974e-04 -2.33282054e-03
 -3.58632043e-03  2.30111015e-03  8.85227805e-05 -9.29412563e-04
  1.10254507e-03  4.96922600e-04]",0.011745828098061128,99458
388,"[ 6.55067095e-03 -3.35054656e-03 -1.01256974e-04 -2.33282054e-03
 -3.58632043e-03  2.30111015e-03  8.85227805e-05 -9.29412563e-04
  1.10254507e-03  4.96922600e-04]",0.011745828098061128,99715
389,"[ 6.55067095e-03 -3.35054656e-03 -1.01256974e-04 -2.33282054e-03
 -3.58632043e-03  2.30111015e-03  8.85227805e-05 -9.29412563e-04
  1.10254507e-03  4.96922600e-04]",0.011745828098061128,99972
390,"[ 6.55067095e-03 -3.35054656e-03 -1.01256974e-04 -2.33282054e-03
 -3.58632043e-03  2.30111015e-03  8.85227805e-05 -9.29412563e-04
  1.10254507e-03  4.96922600e-04]",0.011745828098061128,100229
391,"[ 6.55067095e-03 -3.35054656e-03 -1.01256974e-04 -2.33282054e-03
 -3.58632043e-03  2.30111015e-03  8.85227805e-05 -9.29412563e-04
  1.10254507e-03  4.96922600e-04]",0.011745828098061128,100486
392,"[ 6.55067095e-03 -3.35054656e-03 -1.01256974e-04 -2.33282054e-03
 -3.58632043e-03  2.30111015e-03  8.85227805e-05 -9.29412563e-04
  1.10254507e-03  4.96922600e-04]",0.011745828098061128,100743
393,"[ 6.55067095e-03 -3.35054656e-03 -1.01256974e-04 -2.33282054e-03
 -3.58632043e-03  2.30111015e-03  8.85227805e-05 -9.29412563e-04
  1.10254507e-03  4.96922600e-04]",0.011745828098061128,101000
394,"[ 6.55067095e-03 -3.35054656e-03 -1.01256974e-04 -2.33282054e-03
 -3.58632043e-03  2.30111015e-03  8.85227805e-05 -9.29412563e-04
  1.10254507e-03  4.96922600e-04]",0.011745828098061128,101257
395,"[ 6.55067095e-03 -3.35054656e-03 -1.01256974e-04 -2.33282054e-03
 -3.58632043e-03  2.30111015e-03  8.85227805e-05 -9.29412563e-04
  1.10254507e-03  4.96922600e-04]",0.011745828098061128,101514
396,"[ 6.55067095e-03 -3.35054656e-03 -1.01256974e-04 -2.33282054e-03
 -3.58632043e-03  2.30111015e-03  8.85227805e-05 -9.29412563e-04
  1.10254507e-03  4.96922600e-04]",0.011745828098061128,101771
397,"[-0.00241397 -0.00051765  0.00479926  0.00405486 -0.00196095  0.00357115
  0.00084772 -0.0029179   0.00025499  0.00158343]",0.011273137332068917,102028
398,"[-0.00241397 -0.00051765  0.00479926  0.00405486 -0.00196095  0.00357115
  0.00084772 -0.0029179   0.00025499  0.00158343]",0.011273137332068917,102285
399,"[-0.00241397 -0.00051765  0.00479926  0.00405486 -0.00196095  0.00357115
  0.00084772 -0.0029179   0.00025499  0.00158343]",0.011273137332068917,102542
400,"[-0.00250392  0.00134202 -0.0012744  -0.0012599   0.00207596  0.00204602
  0.00166039 -0.00100111 -0.00500565  0.00212702]",0.009501767959964713,102799
401,"[-0.00250392  0.00134202 -0.0012744  -0.0012599   0.00207596  0.00204602
  0.00166039 -0.00100111 -0.00500565  0.00212702]",0.009501767959964713,103056
402,"[-2.04659194e-03  1.29077559e-03 -2.88019658e-03 -2.79206306e-05
  1.36971896e-04 -7.36112331e-04 -2.42662840e-03  8.96658629e-04
  2.85723970e-03 -1.46428832e-03]",0.007292031056668424,103313
403,"[-2.04659194e-03  1.29077559e-03 -2.88019658e-03 -2.79206306e-05
  1.36971896e-04 -7.36112331e-04 -2.42662840e-03  8.96658629e-04
  2.85723970e-03 -1.46428832e-03]",0.007292031056668424,103570
404,"[-2.04659194e-03  1.29077559e-03 -2.88019658e-03 -2.79206306e-05
  1.36971896e-04 -7.36112331e-04 -2.42662840e-03  8.96658629e-04
  2.85723970e-03 -1.46428832e-03]",0.007292031056668424,103827
405,"[-2.04659194e-03  1.29077559e-03 -2.88019658e-03 -2.79206306e-05
  1.36971896e-04 -7.36112331e-04 -2.42662840e-03  8.96658629e-04
  2.85723970e-03 -1.46428832e-03]",0.007292031056668424,104084
406,"[-2.04659194e-03  1.29077559e-03 -2.88019658e-03 -2.79206306e-05
  1.36971896e-04 -7.36112331e-04 -2.42662840e-03  8.96658629e-04
  2.85723970e-03 -1.46428832e-03]",0.007292031056668424,104341
407,"[-2.04659194e-03  1.29077559e-03 -2.88019658e-03 -2.79206306e-05
  1.36971896e-04 -7.36112331e-04 -2.42662840e-03  8.96658629e-04
  2.85723970e-03 -1.46428832e-03]",0.007292031056668424,104598
408,"[-2.04659194e-03  1.29077559e-03 -2.88019658e-03 -2.79206306e-05
  1.36971896e-04 -7.36112331e-04 -2.42662840e-03  8.96658629e-04
  2.85723970e-03 -1.46428832e-03]",0.007292031056668424,104855
409,"[-2.04659194e-03  1.29077559e-03 -2.88019658e-03 -2.79206306e-05
  1.36971896e-04 -7.36112331e-04 -2.42662840e-03  8.96658629e-04
  2.85723970e-03 -1.46428832e-03]",0.007292031056668424,105112
410,"[-2.04659194e-03  1.29077559e-03 -2.88019658e-03 -2.79206306e-05
  1.36971896e-04 -7.36112331e-04 -2.42662840e-03  8.96658629e-04
  2.85723970e-03 -1.46428832e-03]",0.007292031056668424,105369
411,"[-2.04659194e-03  1.29077559e-03 -2.88019658e-03 -2.79206306e-05
  1.36971896e-04 -7.36112331e-04 -2.42662840e-03  8.96658629e-04
  2.85723970e-03 -1.46428832e-03]",0.007292031056668424,105626
412,"[-2.04659194e-03  1.29077559e-03 -2.88019658e-03 -2.79206306e-05
  1.36971896e-04 -7.36112331e-04 -2.42662840e-03  8.96658629e-04
  2.85723970e-03 -1.46428832e-03]",0.007292031056668424,105883
413,"[-2.04659194e-03  1.29077559e-03 -2.88019658e-03 -2.79206306e-05
  1.36971896e-04 -7.36112331e-04 -2.42662840e-03  8.96658629e-04
  2.85723970e-03 -1.46428832e-03]",0.007292031056668424,106140
414,"[-2.04659194e-03  1.29077559e-03 -2.88019658e-03 -2.79206306e-05
  1.36971896e-04 -7.36112331e-04 -2.42662840e-03  8.96658629e-04
  2.85723970e-03 -1.46428832e-03]",0.007292031056668424,106397
415,"[-2.04659194e-03  1.29077559e-03 -2.88019658e-03 -2.79206306e-05
  1.36971896e-04 -7.36112331e-04 -2.42662840e-03  8.96658629e-04
  2.85723970e-03 -1.46428832e-03]",0.007292031056668424,106654
416,"[-2.04659194e-03  1.29077559e-03 -2.88019658e-03 -2.79206306e-05
  1.36971896e-04 -7.36112331e-04 -2.42662840e-03  8.96658629e-04
  2.85723970e-03 -1.46428832e-03]",0.007292031056668424,106911
417,"[ 0.00064725  0.00128618 -0.00084649 -0.00106632 -0.00063328  0.00098176
 -0.00034175 -0.00150582 -0.00131498 -0.00069622]",0.00403057181762323,107168
418,"[ 0.00064725  0.00128618 -0.00084649 -0.00106632 -0.00063328  0.00098176
 -0.00034175 -0.00150582 -0.00131498 -0.00069622]",0.00403057181762323,107425
419,"[ 0.00064725  0.00128618 -0.00084649 -0.00106632 -0.00063328  0.00098176
 -0.00034175 -0.00150582 -0.00131498 -0.00069622]",0.00403057181762323,107682
420,"[ 0.00064725  0.00128618 -0.00084649 -0.00106632 -0.00063328  0.00098176
 -0.00034175 -0.00150582 -0.00131498 -0.00069622]",0.00403057181762323,107939
421,"[ 0.00064725  0.00128618 -0.00084649 -0.00106632 -0.00063328  0.00098176
 -0.00034175 -0.00150582 -0.00131498 -0.00069622]",0.00403057181762323,108196
422,"[ 0.00064725  0.00128618 -0.00084649 -0.00106632 -0.00063328  0.00098176
 -0.00034175 -0.00150582 -0.00131498 -0.00069622]",0.00403057181762323,108453
423,"[ 0.00064725  0.00128618 -0.00084649 -0.00106632 -0.00063328  0.00098176
 -0.00034175 -0.00150582 -0.00131498 -0.00069622]",0.00403057181762323,108710
424,"[ 0.00064725  0.00128618 -0.00084649 -0.00106632 -0.00063328  0.00098176
 -0.00034175 -0.00150582 -0.00131498 -0.00069622]",0.00403057181762323,108967
425,"[ 0.00064725  0.00128618 -0.00084649 -0.00106632 -0.00063328  0.00098176
 -0.00034175 -0.00150582 -0.00131498 -0.00069622]",0.00403057181762323,109224
426,"[ 0.00064725  0.00128618 -0.00084649 -0.00106632 -0.00063328  0.00098176
 -0.00034175 -0.00150582 -0.00131498 -0.00069622]",0.00403057181762323,109481
427,"[ 0.00064725  0.00128618 -0.00084649 -0.00106632 -0.00063328  0.00098176
 -0.00034175 -0.00150582 -0.00131498 -0.00069622]",0.00403057181762323,109738
428,"[ 0.00064725  0.00128618 -0.00084649 -0.00106632 -0.00063328  0.00098176
 -0.00034175 -0.00150582 -0.00131498 -0.00069622]",0.00403057181762323,109995
429,"[ 0.00064725  0.00128618 -0.00084649 -0.00106632 -0.00063328  0.00098176
 -0.00034175 -0.00150582 -0.00131498 -0.00069622]",0.00403057181762323,110252
430,"[-0.00086161 -0.00032487  0.00026393 -0.000384    0.00200518 -0.00113916
 -0.00047049  0.00041024 -0.00068719 -0.00111364]",0.00372986791017782,110509
431,"[-0.00086161 -0.00032487  0.00026393 -0.000384    0.00200518 -0.00113916
 -0.00047049  0.00041024 -0.00068719 -0.00111364]",0.00372986791017782,110766
432,"[-0.00086161 -0.00032487  0.00026393 -0.000384    0.00200518 -0.00113916
 -0.00047049  0.00041024 -0.00068719 -0.00111364]",0.00372986791017782,111023
433,"[-0.00086161 -0.00032487  0.00026393 -0.000384    0.00200518 -0.00113916
 -0.00047049  0.00041024 -0.00068719 -0.00111364]",0.00372986791017782,111280
434,"[-0.00086161 -0.00032487  0.00026393 -0.000384    0.00200518 -0.00113916
 -0.00047049  0.00041024 -0.00068719 -0.00111364]",0.00372986791017782,111537
435,"[-0.00086161 -0.00032487  0.00026393 -0.000384    0.00200518 -0.00113916
 -0.00047049  0.00041024 -0.00068719 -0.00111364]",0.00372986791017782,111794
436,"[-0.00086161 -0.00032487  0.00026393 -0.000384    0.00200518 -0.00113916
 -0.00047049  0.00041024 -0.00068719 -0.00111364]",0.00372986791017782,112051
437,"[-0.00086161 -0.00032487  0.00026393 -0.000384    0.00200518 -0.00113916
 -0.00047049  0.00041024 -0.00068719 -0.00111364]",0.00372986791017782,112308
438,"[-0.00086161 -0.00032487  0.00026393 -0.000384    0.00200518 -0.00113916
 -0.00047049  0.00041024 -0.00068719 -0.00111364]",0.00372986791017782,112565
439,"[-0.00097843  0.00058871  0.00076043  0.00014764 -0.00097474  0.00147017
 -0.00105377  0.00067454 -0.00057958  0.00070299]",0.0034829528220297057,112822
440,"[-0.00097843  0.00058871  0.00076043  0.00014764 -0.00097474  0.00147017
 -0.00105377  0.00067454 -0.00057958  0.00070299]",0.0034829528220297057,113079
441,"[-0.00097843  0.00058871  0.00076043  0.00014764 -0.00097474  0.00147017
 -0.00105377  0.00067454 -0.00057958  0.00070299]",0.0034829528220297057,113336
442,"[-0.00097843  0.00058871  0.00076043  0.00014764 -0.00097474  0.00147017
 -0.00105377  0.00067454 -0.00057958  0.00070299]",0.0034829528220297057,113593
443,"[-0.00097843  0.00058871  0.00076043  0.00014764 -0.00097474  0.00147017
 -0.00105377  0.00067454 -0.00057958  0.00070299]",0.0034829528220297057,113850
444,"[-0.00097843  0.00058871  0.00076043  0.00014764 -0.00097474  0.00147017
 -0.00105377  0.00067454 -0.00057958  0.00070299]",0.0034829528220297057,114107
445,"[-0.00097843  0.00058871  0.00076043  0.00014764 -0.00097474  0.00147017
 -0.00105377  0.00067454 -0.00057958  0.00070299]",0.0034829528220297057,114364
446,"[-0.00097843  0.00058871  0.00076043  0.00014764 -0.00097474  0.00147017
 -0.00105377  0.00067454 -0.00057958  0.00070299]",0.0034829528220297057,114621
447,"[-0.00097843  0.00058871  0.00076043  0.00014764 -0.00097474  0.00147017
 -0.00105377  0.00067454 -0.00057958  0.00070299]",0.0034829528220297057,114878
448,"[-0.00097843  0.00058871  0.00076043  0.00014764 -0.00097474  0.00147017
 -0.00105377  0.00067454 -0.00057958  0.00070299]",0.0034829528220297057,115135
449,"[-9.11422078e-04 -1.13118260e-03  9.30829285e-05 -4.21085899e-04
  1.12197967e-03 -1.27334986e-03 -2.63279379e-04  2.67285333e-04
  6.96296364e-04 -5.91374708e-04]",0.003170101335861819,115392
450,"[-9.11422078e-04 -1.13118260e-03  9.30829285e-05 -4.21085899e-04
  1.12197967e-03 -1.27334986e-03 -2.63279379e-04  2.67285333e-04
  6.96296364e-04 -5.91374708e-04]",0.003170101335861819,115649
451,"[-9.11422078e-04 -1.13118260e-03  9.30829285e-05 -4.21085899e-04
  1.12197967e-03 -1.27334986e-03 -2.63279379e-04  2.67285333e-04
  6.96296364e-04 -5.91374708e-04]",0.003170101335861819,115906
452,"[-9.11422078e-04 -1.13118260e-03  9.30829285e-05 -4.21085899e-04
  1.12197967e-03 -1.27334986e-03 -2.63279379e-04  2.67285333e-04
  6.96296364e-04 -5.91374708e-04]",0.003170101335861819,116163
453,"[ 0.00083237  0.00101305 -0.00017858  0.00030828  0.00142327 -0.00038151
  0.00043313  0.00133538  0.00011379  0.00013313]",0.0031352915804139236,116420
454,"[ 0.00083237  0.00101305 -0.00017858  0.00030828  0.00142327 -0.00038151
  0.00043313  0.00133538  0.00011379  0.00013313]",0.0031352915804139236,116677
455,"[ 0.00083237  0.00101305 -0.00017858  0.00030828  0.00142327 -0.00038151
  0.00043313  0.00133538  0.00011379  0.00013313]",0.0031352915804139236,116934
456,"[ 0.00083237  0.00101305 -0.00017858  0.00030828  0.00142327 -0.00038151
  0.00043313  0.00133538  0.00011379  0.00013313]",0.0031352915804139236,117191
457,"[ 0.00083237  0.00101305 -0.00017858  0.00030828  0.00142327 -0.00038151
  0.00043313  0.00133538  0.00011379  0.00013313]",0.0031352915804139236,117448
458,"[ 0.00020396 -0.00076485  0.00047904 -0.00118131 -0.00118207 -0.00025859
  0.00085986 -0.00013234 -0.00061269 -0.00017035]",0.0028194006154973472,117705
459,"[ 0.00020396 -0.00076485  0.00047904 -0.00118131 -0.00118207 -0.00025859
  0.00085986 -0.00013234 -0.00061269 -0.00017035]",0.0028194006154973472,117962
460,"[ 0.00020396 -0.00076485  0.00047904 -0.00118131 -0.00118207 -0.00025859
  0.00085986 -0.00013234 -0.00061269 -0.00017035]",0.0028194006154973472,118219
461,"[ 8.95861063e-04 -8.04995787e-04  6.37987124e-04  1.03993185e-03
  2.86753874e-04 -6.61966672e-05 -1.09767360e-03 -2.45164353e-04
  2.25344626e-04  1.20569352e-04]",0.0026631956716021143,118476
462,"[ 8.95861063e-04 -8.04995787e-04  6.37987124e-04  1.03993185e-03
  2.86753874e-04 -6.61966672e-05 -1.09767360e-03 -2.45164353e-04
  2.25344626e-04  1.20569352e-04]",0.0026631956716021143,118733
463,"[ 8.95861063e-04 -8.04995787e-04  6.37987124e-04  1.03993185e-03
  2.86753874e-04 -6.61966672e-05 -1.09767360e-03 -2.45164353e-04
  2.25344626e-04  1.20569352e-04]",0.0026631956716021143,118990
464,"[ 8.95861063e-04 -8.04995787e-04  6.37987124e-04  1.03993185e-03
  2.86753874e-04 -6.61966672e-05 -1.09767360e-03 -2.45164353e-04
  2.25344626e-04  1.20569352e-04]",0.0026631956716021143,119247
465,"[ 8.95861063e-04 -8.04995787e-04  6.37987124e-04  1.03993185e-03
  2.86753874e-04 -6.61966672e-05 -1.09767360e-03 -2.45164353e-04
  2.25344626e-04  1.20569352e-04]",0.0026631956716021143,119504
466,"[ 8.95861063e-04 -8.04995787e-04  6.37987124e-04  1.03993185e-03
  2.86753874e-04 -6.61966672e-05 -1.09767360e-03 -2.45164353e-04
  2.25344626e-04  1.20569352e-04]",0.0026631956716021143,119761
467,"[ 8.95861063e-04 -8.04995787e-04  6.37987124e-04  1.03993185e-03
  2.86753874e-04 -6.61966672e-05 -1.09767360e-03 -2.45164353e-04
  2.25344626e-04  1.20569352e-04]",0.0026631956716021143,120018
468,"[ 8.95861063e-04 -8.04995787e-04  6.37987124e-04  1.03993185e-03
  2.86753874e-04 -6.61966672e-05 -1.09767360e-03 -2.45164353e-04
  2.25344626e-04  1.20569352e-04]",0.0026631956716021143,120275
469,"[ 4.91589130e-04 -9.49233560e-04 -3.86099582e-04  6.12766692e-04
  1.21932837e-04  5.30120650e-04 -1.30054420e-03  1.39290932e-04
  9.70966262e-05 -4.36916134e-04]",0.002510386909034157,120532
470,"[ 4.91589130e-04 -9.49233560e-04 -3.86099582e-04  6.12766692e-04
  1.21932837e-04  5.30120650e-04 -1.30054420e-03  1.39290932e-04
  9.70966262e-05 -4.36916134e-04]",0.002510386909034157,120789
471,"[ 4.91589130e-04 -9.49233560e-04 -3.86099582e-04  6.12766692e-04
  1.21932837e-04  5.30120650e-04 -1.30054420e-03  1.39290932e-04
  9.70966262e-05 -4.36916134e-04]",0.002510386909034157,121046
472,"[ 4.91589130e-04 -9.49233560e-04 -3.86099582e-04  6.12766692e-04
  1.21932837e-04  5.30120650e-04 -1.30054420e-03  1.39290932e-04
  9.70966262e-05 -4.36916134e-04]",0.002510386909034157,121303
473,"[-8.06973292e-04 -3.09228663e-05 -4.20204490e-05 -1.57293927e-04
  1.29506665e-04  3.79683595e-04  6.52379221e-04 -5.14743348e-04
 -4.35843098e-04 -3.55020574e-05]",0.0016687480473334126,121560
474,"[-8.06973292e-04 -3.09228663e-05 -4.20204490e-05 -1.57293927e-04
  1.29506665e-04  3.79683595e-04  6.52379221e-04 -5.14743348e-04
 -4.35843098e-04 -3.55020574e-05]",0.0016687480473334126,121817
475,"[-8.06973292e-04 -3.09228663e-05 -4.20204490e-05 -1.57293927e-04
  1.29506665e-04  3.79683595e-04  6.52379221e-04 -5.14743348e-04
 -4.35843098e-04 -3.55020574e-05]",0.0016687480473334126,122074
476,"[-8.06973292e-04 -3.09228663e-05 -4.20204490e-05 -1.57293927e-04
  1.29506665e-04  3.79683595e-04  6.52379221e-04 -5.14743348e-04
 -4.35843098e-04 -3.55020574e-05]",0.0016687480473334126,122331
477,"[-8.06973292e-04 -3.09228663e-05 -4.20204490e-05 -1.57293927e-04
  1.29506665e-04  3.79683595e-04  6.52379221e-04 -5.14743348e-04
 -4.35843098e-04 -3.55020574e-05]",0.0016687480473334126,122588
478,"[-8.06973292e-04 -3.09228663e-05 -4.20204490e-05 -1.57293927e-04
  1.29506665e-04  3.79683595e-04  6.52379221e-04 -5.14743348e-04
 -4.35843098e-04 -3.55020574e-05]",0.0016687480473334126,122845
479,"[-8.06973292e-04 -3.09228663e-05 -4.20204490e-05 -1.57293927e-04
  1.29506665e-04  3.79683595e-04  6.52379221e-04 -5.14743348e-04
 -4.35843098e-04 -3.55020574e-05]",0.0016687480473334126,123102
480,"[-8.06973292e-04 -3.09228663e-05 -4.20204490e-05 -1.57293927e-04
  1.29506665e-04  3.79683595e-04  6.52379221e-04 -5.14743348e-04
 -4.35843098e-04 -3.55020574e-05]",0.0016687480473334126,123359
481,"[-8.06973292e-04 -3.09228663e-05 -4.20204490e-05 -1.57293927e-04
  1.29506665e-04  3.79683595e-04  6.52379221e-04 -5.14743348e-04
 -4.35843098e-04 -3.55020574e-05]",0.0016687480473334126,123616
482,"[-8.06973292e-04 -3.09228663e-05 -4.20204490e-05 -1.57293927e-04
  1.29506665e-04  3.79683595e-04  6.52379221e-04 -5.14743348e-04
 -4.35843098e-04 -3.55020574e-05]",0.0016687480473334126,123873
483,"[-8.06973292e-04 -3.09228663e-05 -4.20204490e-05 -1.57293927e-04
  1.29506665e-04  3.79683595e-04  6.52379221e-04 -5.14743348e-04
 -4.35843098e-04 -3.55020574e-05]",0.0016687480473334126,124130
484,"[-8.06973292e-04 -3.09228663e-05 -4.20204490e-05 -1.57293927e-04
  1.29506665e-04  3.79683595e-04  6.52379221e-04 -5.14743348e-04
 -4.35843098e-04 -3.55020574e-05]",0.0016687480473334126,124387
485,"[-8.06973292e-04 -3.09228663e-05 -4.20204490e-05 -1.57293927e-04
  1.29506665e-04  3.79683595e-04  6.52379221e-04 -5.14743348e-04
 -4.35843098e-04 -3.55020574e-05]",0.0016687480473334126,124644
486,"[-8.06973292e-04 -3.09228663e-05 -4.20204490e-05 -1.57293927e-04
  1.29506665e-04  3.79683595e-04  6.52379221e-04 -5.14743348e-04
 -4.35843098e-04 -3.55020574e-05]",0.0016687480473334126,124901
487,"[-8.06973292e-04 -3.09228663e-05 -4.20204490e-05 -1.57293927e-04
  1.29506665e-04  3.79683595e-04  6.52379221e-04 -5.14743348e-04
 -4.35843098e-04 -3.55020574e-05]",0.0016687480473334126,125158
488,"[-8.06973292e-04 -3.09228663e-05 -4.20204490e-05 -1.57293927e-04
  1.29506665e-04  3.79683595e-04  6.52379221e-04 -5.14743348e-04
 -4.35843098e-04 -3.55020574e-05]",0.0016687480473334126,125415
489,"[ 1.56331374e-04  2.98461600e-04 -8.84161158e-05  1.47357717e-04
  3.87138833e-04 -8.64244145e-04  8.01304510e-06  3.60429542e-04
  3.56270754e-04 -3.53077183e-04]",0.001515634117954523,125672
490,"[ 1.56331374e-04  2.98461600e-04 -8.84161158e-05  1.47357717e-04
  3.87138833e-04 -8.64244145e-04  8.01304510e-06  3.60429542e-04
  3.56270754e-04 -3.53077183e-04]",0.001515634117954523,125929
491,"[ 1.56331374e-04  2.98461600e-04 -8.84161158e-05  1.47357717e-04
  3.87138833e-04 -8.64244145e-04  8.01304510e-06  3.60429542e-04
  3.56270754e-04 -3.53077183e-04]",0.001515634117954523,126186
492,"[ 1.56331374e-04  2.98461600e-04 -8.84161158e-05  1.47357717e-04
  3.87138833e-04 -8.64244145e-04  8.01304510e-06  3.60429542e-04
  3.56270754e-04 -3.53077183e-04]",0.001515634117954523,126443
493,"[-4.93002056e-04  4.10362719e-04 -1.50910667e-04  2.57496513e-04
 -3.81892716e-04 -4.35083359e-05 -6.68694084e-04 -7.48997429e-05
  4.18332378e-04 -3.40290590e-04]",0.0014996984177639838,126700
494,"[-4.93002056e-04  4.10362719e-04 -1.50910667e-04  2.57496513e-04
 -3.81892716e-04 -4.35083359e-05 -6.68694084e-04 -7.48997429e-05
  4.18332378e-04 -3.40290590e-04]",0.0014996984177639838,126957
495,"[-0.00044733 -0.00044453  0.00051785 -0.00010127 -0.00017831 -0.00042174
 -0.00051178 -0.0003627   0.00026898  0.00010837]",0.0014842006194943913,127214
496,"[-0.00044733 -0.00044453  0.00051785 -0.00010127 -0.00017831 -0.00042174
 -0.00051178 -0.0003627   0.00026898  0.00010837]",0.0014842006194943913,127471
497,"[-0.00044733 -0.00044453  0.00051785 -0.00010127 -0.00017831 -0.00042174
 -0.00051178 -0.0003627   0.00026898  0.00010837]",0.0014842006194943913,127728
498,"[-3.15653534e-04 -2.06399573e-04 -6.62786924e-04  1.85881383e-04
 -3.07904874e-04 -5.83058421e-04 -1.94325949e-04 -5.04745580e-05
 -6.75514751e-05  4.96603668e-04]",0.001472660311442997,127985
499,"[-5.37391966e-04  2.96046470e-05 -1.12324955e-04  7.28721780e-04
 -1.78397241e-04 -4.46468750e-05 -5.60731311e-04 -1.02000148e-04
  1.01725900e-04  1.23017586e-04]",0.00140215867978144,128242
500,"[-1.58866303e-05  1.57919489e-04  1.51529955e-04 -4.64797848e-04
  9.27282071e-05 -2.95254261e-04  4.49559309e-04  3.10767274e-04
  1.83308476e-04  2.03526256e-04]",0.0010873593239932866,128499
501,"[-1.58866303e-05  1.57919489e-04  1.51529955e-04 -4.64797848e-04
  9.27282071e-05 -2.95254261e-04  4.49559309e-04  3.10767274e-04
  1.83308476e-04  2.03526256e-04]",0.0010873593239932866,128756
502,"[-1.58866303e-05  1.57919489e-04  1.51529955e-04 -4.64797848e-04
  9.27282071e-05 -2.95254261e-04  4.49559309e-04  3.10767274e-04
  1.83308476e-04  2.03526256e-04]",0.0010873593239932866,129013
503,"[-1.58866303e-05  1.57919489e-04  1.51529955e-04 -4.64797848e-04
  9.27282071e-05 -2.95254261e-04  4.49559309e-04  3.10767274e-04
  1.83308476e-04  2.03526256e-04]",0.0010873593239932866,129270
504,"[-1.58866303e-05  1.57919489e-04  1.51529955e-04 -4.64797848e-04
  9.27282071e-05 -2.95254261e-04  4.49559309e-04  3.10767274e-04
  1.83308476e-04  2.03526256e-04]",0.0010873593239932866,129527
505,"[-1.58866303e-05  1.57919489e-04  1.51529955e-04 -4.64797848e-04
  9.27282071e-05 -2.95254261e-04  4.49559309e-04  3.10767274e-04
  1.83308476e-04  2.03526256e-04]",0.0010873593239932866,129784
506,"[-3.64240907e-04 -9.98848863e-05  1.78226833e-04 -2.37712662e-04
 -2.54457741e-04  7.23936043e-05 -8.66878936e-05 -2.60460304e-04
  1.07592714e-04 -1.51285046e-04]",0.0008128442579544704,130041
507,"[-3.64240907e-04 -9.98848863e-05  1.78226833e-04 -2.37712662e-04
 -2.54457741e-04  7.23936043e-05 -8.66878936e-05 -2.60460304e-04
  1.07592714e-04 -1.51285046e-04]",0.0008128442579544704,130298
508,"[-3.64240907e-04 -9.98848863e-05  1.78226833e-04 -2.37712662e-04
 -2.54457741e-04  7.23936043e-05 -8.66878936e-05 -2.60460304e-04
  1.07592714e-04 -1.51285046e-04]",0.0008128442579544704,130555
509,"[-3.64240907e-04 -9.98848863e-05  1.78226833e-04 -2.37712662e-04
 -2.54457741e-04  7.23936043e-05 -8.66878936e-05 -2.60460304e-04
  1.07592714e-04 -1.51285046e-04]",0.0008128442579544704,130812
510,"[-3.64240907e-04 -9.98848863e-05  1.78226833e-04 -2.37712662e-04
 -2.54457741e-04  7.23936043e-05 -8.66878936e-05 -2.60460304e-04
  1.07592714e-04 -1.51285046e-04]",0.0008128442579544704,131069
511,"[-3.64240907e-04 -9.98848863e-05  1.78226833e-04 -2.37712662e-04
 -2.54457741e-04  7.23936043e-05 -8.66878936e-05 -2.60460304e-04
  1.07592714e-04 -1.51285046e-04]",0.0008128442579544704,131326
512,"[-3.64240907e-04 -9.98848863e-05  1.78226833e-04 -2.37712662e-04
 -2.54457741e-04  7.23936043e-05 -8.66878936e-05 -2.60460304e-04
  1.07592714e-04 -1.51285046e-04]",0.0008128442579544704,131583
513,"[-3.64240907e-04 -9.98848863e-05  1.78226833e-04 -2.37712662e-04
 -2.54457741e-04  7.23936043e-05 -8.66878936e-05 -2.60460304e-04
  1.07592714e-04 -1.51285046e-04]",0.0008128442579544704,131840
514,"[-3.64240907e-04 -9.98848863e-05  1.78226833e-04 -2.37712662e-04
 -2.54457741e-04  7.23936043e-05 -8.66878936e-05 -2.60460304e-04
  1.07592714e-04 -1.51285046e-04]",0.0008128442579544704,132097
515,"[-3.64240907e-04 -9.98848863e-05  1.78226833e-04 -2.37712662e-04
 -2.54457741e-04  7.23936043e-05 -8.66878936e-05 -2.60460304e-04
  1.07592714e-04 -1.51285046e-04]",0.0008128442579544704,132354
516,"[-3.64240907e-04 -9.98848863e-05  1.78226833e-04 -2.37712662e-04
 -2.54457741e-04  7.23936043e-05 -8.66878936e-05 -2.60460304e-04
  1.07592714e-04 -1.51285046e-04]",0.0008128442579544704,132611
517,"[-3.64240907e-04 -9.98848863e-05  1.78226833e-04 -2.37712662e-04
 -2.54457741e-04  7.23936043e-05 -8.66878936e-05 -2.60460304e-04
  1.07592714e-04 -1.51285046e-04]",0.0008128442579544704,132868
518,"[-3.64240907e-04 -9.98848863e-05  1.78226833e-04 -2.37712662e-04
 -2.54457741e-04  7.23936043e-05 -8.66878936e-05 -2.60460304e-04
  1.07592714e-04 -1.51285046e-04]",0.0008128442579544704,133125
519,"[-1.82151253e-04  4.03910430e-04  1.28749847e-04  1.44198870e-05
  1.52916226e-04  3.12512488e-04 -9.72806216e-05  4.38886966e-05
  1.53398475e-04 -5.83285268e-05]",0.0007739708895226904,133382
520,"[-1.82151253e-04  4.03910430e-04  1.28749847e-04  1.44198870e-05
  1.52916226e-04  3.12512488e-04 -9.72806216e-05  4.38886966e-05
  1.53398475e-04 -5.83285268e-05]",0.0007739708895226904,133639
521,"[ 5.60346596e-05  2.16819023e-04  1.42061024e-04  2.44363982e-04
  2.12454580e-04  2.77480848e-04  1.70451092e-04  1.42193521e-04
 -1.29060319e-04  2.09191035e-04]",0.0007628403878006118,133896
522,"[ 5.60346596e-05  2.16819023e-04  1.42061024e-04  2.44363982e-04
  2.12454580e-04  2.77480848e-04  1.70451092e-04  1.42193521e-04
 -1.29060319e-04  2.09191035e-04]",0.0007628403878006118,134153
523,"[ 5.60346596e-05  2.16819023e-04  1.42061024e-04  2.44363982e-04
  2.12454580e-04  2.77480848e-04  1.70451092e-04  1.42193521e-04
 -1.29060319e-04  2.09191035e-04]",0.0007628403878006118,134410
524,"[ 5.60346596e-05  2.16819023e-04  1.42061024e-04  2.44363982e-04
  2.12454580e-04  2.77480848e-04  1.70451092e-04  1.42193521e-04
 -1.29060319e-04  2.09191035e-04]",0.0007628403878006118,134667
525,"[ 5.60346596e-05  2.16819023e-04  1.42061024e-04  2.44363982e-04
  2.12454580e-04  2.77480848e-04  1.70451092e-04  1.42193521e-04
 -1.29060319e-04  2.09191035e-04]",0.0007628403878006118,134924
526,"[ 5.60346596e-05  2.16819023e-04  1.42061024e-04  2.44363982e-04
  2.12454580e-04  2.77480848e-04  1.70451092e-04  1.42193521e-04
 -1.29060319e-04  2.09191035e-04]",0.0007628403878006118,135181
527,"[ 5.60346596e-05  2.16819023e-04  1.42061024e-04  2.44363982e-04
  2.12454580e-04  2.77480848e-04  1.70451092e-04  1.42193521e-04
 -1.29060319e-04  2.09191035e-04]",0.0007628403878006118,135438
528,"[ 5.60346596e-05  2.16819023e-04  1.42061024e-04  2.44363982e-04
  2.12454580e-04  2.77480848e-04  1.70451092e-04  1.42193521e-04
 -1.29060319e-04  2.09191035e-04]",0.0007628403878006118,135695
529,"[ 5.60346596e-05  2.16819023e-04  1.42061024e-04  2.44363982e-04
  2.12454580e-04  2.77480848e-04  1.70451092e-04  1.42193521e-04
 -1.29060319e-04  2.09191035e-04]",0.0007628403878006118,135952
530,"[ 5.60346596e-05  2.16819023e-04  1.42061024e-04  2.44363982e-04
  2.12454580e-04  2.77480848e-04  1.70451092e-04  1.42193521e-04
 -1.29060319e-04  2.09191035e-04]",0.0007628403878006118,136209
531,"[ 5.60346596e-05  2.16819023e-04  1.42061024e-04  2.44363982e-04
  2.12454580e-04  2.77480848e-04  1.70451092e-04  1.42193521e-04
 -1.29060319e-04  2.09191035e-04]",0.0007628403878006118,136466
532,"[ 1.11317824e-04 -1.95999032e-04  1.35483979e-04  9.05968486e-05
 -3.22776051e-04  1.96896788e-04  6.82534815e-05  5.01816545e-05
  6.91825711e-05 -2.89721030e-04]",0.000712992695018233,136723
533,"[-4.19917480e-05  1.24843415e-04 -5.96119553e-05  3.40019464e-04
 -7.91046276e-05 -1.54604815e-04 -1.66990032e-04  5.01220633e-05
 -1.71413032e-04 -9.59415416e-05]",0.0006153056014217562,136980
534,"[-4.19917480e-05  1.24843415e-04 -5.96119553e-05  3.40019464e-04
 -7.91046276e-05 -1.54604815e-04 -1.66990032e-04  5.01220633e-05
 -1.71413032e-04 -9.59415416e-05]",0.0006153056014217562,137237
535,"[ 6.86530922e-05  8.16858653e-05  4.85824550e-05  2.36703044e-04
 -6.27073021e-05 -8.07791802e-05 -1.95021974e-04 -2.85546058e-04
 -3.08136910e-05  5.26081479e-07]",0.0005678167388940558,137494
536,"[ 6.86530922e-05  8.16858653e-05  4.85824550e-05  2.36703044e-04
 -6.27073021e-05 -8.07791802e-05 -1.95021974e-04 -2.85546058e-04
 -3.08136910e-05  5.26081479e-07]",0.0005678167388940558,137751
537,"[ 1.21867827e-04  1.17378810e-04 -4.83698383e-05  1.78484180e-04
  1.21738073e-04  1.41626539e-04 -1.90385572e-04  8.60692186e-05
  1.63090398e-04  1.03646070e-04]",0.0005356659644637496,138008
538,"[-9.83816035e-06 -3.00221639e-04  1.51645137e-04 -5.11165494e-05
 -2.95582250e-05 -9.76615437e-05  3.21901011e-05  6.95412967e-05
 -7.03749398e-05 -1.70326891e-04]",0.0005163827487142392,138265
539,"[-9.83816035e-06 -3.00221639e-04  1.51645137e-04 -5.11165494e-05
 -2.95582250e-05 -9.76615437e-05  3.21901011e-05  6.95412967e-05
 -7.03749398e-05 -1.70326891e-04]",0.0005163827487142392,138522
540,"[-9.83816035e-06 -3.00221639e-04  1.51645137e-04 -5.11165494e-05
 -2.95582250e-05 -9.76615437e-05  3.21901011e-05  6.95412967e-05
 -7.03749398e-05 -1.70326891e-04]",0.0005163827487142392,138779
541,"[-9.83816035e-06 -3.00221639e-04  1.51645137e-04 -5.11165494e-05
 -2.95582250e-05 -9.76615437e-05  3.21901011e-05  6.95412967e-05
 -7.03749398e-05 -1.70326891e-04]",0.0005163827487142392,139036
542,"[-9.83816035e-06 -3.00221639e-04  1.51645137e-04 -5.11165494e-05
 -2.95582250e-05 -9.76615437e-05  3.21901011e-05  6.95412967e-05
 -7.03749398e-05 -1.70326891e-04]",0.0005163827487142392,139293
543,"[-9.83816035e-06 -3.00221639e-04  1.51645137e-04 -5.11165494e-05
 -2.95582250e-05 -9.76615437e-05  3.21901011e-05  6.95412967e-05
 -7.03749398e-05 -1.70326891e-04]",0.0005163827487142392,139550
544,"[-9.83816035e-06 -3.00221639e-04  1.51645137e-04 -5.11165494e-05
 -2.95582250e-05 -9.76615437e-05  3.21901011e-05  6.95412967e-05
 -7.03749398e-05 -1.70326891e-04]",0.0005163827487142392,139807
545,"[-9.83816035e-06 -3.00221639e-04  1.51645137e-04 -5.11165494e-05
 -2.95582250e-05 -9.76615437e-05  3.21901011e-05  6.95412967e-05
 -7.03749398e-05 -1.70326891e-04]",0.0005163827487142392,140064
546,"[-8.11117116e-05  1.35982332e-04 -4.78464066e-05  2.08518040e-04
 -1.92633698e-04  1.39637732e-04  1.22650828e-04 -1.03434713e-05
 -1.43296693e-04 -1.85985927e-05]",0.000512301328531084,140321
547,"[-8.11117116e-05  1.35982332e-04 -4.78464066e-05  2.08518040e-04
 -1.92633698e-04  1.39637732e-04  1.22650828e-04 -1.03434713e-05
 -1.43296693e-04 -1.85985927e-05]",0.000512301328531084,140578
548,"[ 4.22115080e-05 -1.00585154e-04 -2.35028542e-05 -6.02914365e-05
 -2.20567735e-06 -1.49963846e-04 -3.75114045e-05 -1.92410051e-05
 -1.91016197e-04  1.75924925e-04]",0.00041587105205254105,140835
549,"[ 4.22115080e-05 -1.00585154e-04 -2.35028542e-05 -6.02914365e-05
 -2.20567735e-06 -1.49963846e-04 -3.75114045e-05 -1.92410051e-05
 -1.91016197e-04  1.75924925e-04]",0.00041587105205254105,141092
550,"[-4.26469259e-05 -5.37534655e-05 -1.73488709e-04  1.12379825e-04
  7.63548998e-05 -7.47508181e-05  1.10945845e-05 -2.89504408e-05
 -3.22696286e-05  1.16908185e-04]",0.0003457050488262503,141349
551,"[-4.26469259e-05 -5.37534655e-05 -1.73488709e-04  1.12379825e-04
  7.63548998e-05 -7.47508181e-05  1.10945845e-05 -2.89504408e-05
 -3.22696286e-05  1.16908185e-04]",0.0003457050488262503,141606
552,"[-4.26469259e-05 -5.37534655e-05 -1.73488709e-04  1.12379825e-04
  7.63548998e-05 -7.47508181e-05  1.10945845e-05 -2.89504408e-05
 -3.22696286e-05  1.16908185e-04]",0.0003457050488262503,141863
553,"[-4.26469259e-05 -5.37534655e-05 -1.73488709e-04  1.12379825e-04
  7.63548998e-05 -7.47508181e-05  1.10945845e-05 -2.89504408e-05
 -3.22696286e-05  1.16908185e-04]",0.0003457050488262503,142120
554,"[-4.26469259e-05 -5.37534655e-05 -1.73488709e-04  1.12379825e-04
  7.63548998e-05 -7.47508181e-05  1.10945845e-05 -2.89504408e-05
 -3.22696286e-05  1.16908185e-04]",0.0003457050488262503,142377
555,"[-4.26469259e-05 -5.37534655e-05 -1.73488709e-04  1.12379825e-04
  7.63548998e-05 -7.47508181e-05  1.10945845e-05 -2.89504408e-05
 -3.22696286e-05  1.16908185e-04]",0.0003457050488262503,142634
556,"[-4.26469259e-05 -5.37534655e-05 -1.73488709e-04  1.12379825e-04
  7.63548998e-05 -7.47508181e-05  1.10945845e-05 -2.89504408e-05
 -3.22696286e-05  1.16908185e-04]",0.0003457050488262503,142891
557,"[-1.80212998e-04 -4.21525269e-06  7.31308225e-05  3.26575104e-05
 -7.34430943e-05  5.81078518e-05  4.68087627e-05 -4.91048513e-05
 -7.76628062e-05 -2.49752941e-05]",0.00030739603797558246,143148
558,"[-1.80212998e-04 -4.21525269e-06  7.31308225e-05  3.26575104e-05
 -7.34430943e-05  5.81078518e-05  4.68087627e-05 -4.91048513e-05
 -7.76628062e-05 -2.49752941e-05]",0.00030739603797558246,143405
559,"[-1.80212998e-04 -4.21525269e-06  7.31308225e-05  3.26575104e-05
 -7.34430943e-05  5.81078518e-05  4.68087627e-05 -4.91048513e-05
 -7.76628062e-05 -2.49752941e-05]",0.00030739603797558246,143662
560,"[-1.80212998e-04 -4.21525269e-06  7.31308225e-05  3.26575104e-05
 -7.34430943e-05  5.81078518e-05  4.68087627e-05 -4.91048513e-05
 -7.76628062e-05 -2.49752941e-05]",0.00030739603797558246,143919
561,"[-1.80212998e-04 -4.21525269e-06  7.31308225e-05  3.26575104e-05
 -7.34430943e-05  5.81078518e-05  4.68087627e-05 -4.91048513e-05
 -7.76628062e-05 -2.49752941e-05]",0.00030739603797558246,144176
562,"[-1.80212998e-04 -4.21525269e-06  7.31308225e-05  3.26575104e-05
 -7.34430943e-05  5.81078518e-05  4.68087627e-05 -4.91048513e-05
 -7.76628062e-05 -2.49752941e-05]",0.00030739603797558246,144433
563,"[-1.80212998e-04 -4.21525269e-06  7.31308225e-05  3.26575104e-05
 -7.34430943e-05  5.81078518e-05  4.68087627e-05 -4.91048513e-05
 -7.76628062e-05 -2.49752941e-05]",0.00030739603797558246,144690
564,"[-8.49572988e-05  1.53376773e-05 -3.86769949e-05  1.46768896e-05
  3.36694225e-05 -2.06609242e-05  1.10450367e-04 -2.96212027e-05
 -5.44948917e-06  5.05868743e-05]",0.00020562627183950966,144947
565,"[-8.49572988e-05  1.53376773e-05 -3.86769949e-05  1.46768896e-05
  3.36694225e-05 -2.06609242e-05  1.10450367e-04 -2.96212027e-05
 -5.44948917e-06  5.05868743e-05]",0.00020562627183950966,145204
566,"[-8.49572988e-05  1.53376773e-05 -3.86769949e-05  1.46768896e-05
  3.36694225e-05 -2.06609242e-05  1.10450367e-04 -2.96212027e-05
 -5.44948917e-06  5.05868743e-05]",0.00020562627183950966,145461
567,"[-8.49572988e-05  1.53376773e-05 -3.86769949e-05  1.46768896e-05
  3.36694225e-05 -2.06609242e-05  1.10450367e-04 -2.96212027e-05
 -5.44948917e-06  5.05868743e-05]",0.00020562627183950966,145718
568,"[-8.49572988e-05  1.53376773e-05 -3.86769949e-05  1.46768896e-05
  3.36694225e-05 -2.06609242e-05  1.10450367e-04 -2.96212027e-05
 -5.44948917e-06  5.05868743e-05]",0.00020562627183950966,145975
569,"[-8.49572988e-05  1.53376773e-05 -3.86769949e-05  1.46768896e-05
  3.36694225e-05 -2.06609242e-05  1.10450367e-04 -2.96212027e-05
 -5.44948917e-06  5.05868743e-05]",0.00020562627183950966,146232
570,"[-8.49572988e-05  1.53376773e-05 -3.86769949e-05  1.46768896e-05
  3.36694225e-05 -2.06609242e-05  1.10450367e-04 -2.96212027e-05
 -5.44948917e-06  5.05868743e-05]",0.00020562627183950966,146489
571,"[-8.49572988e-05  1.53376773e-05 -3.86769949e-05  1.46768896e-05
  3.36694225e-05 -2.06609242e-05  1.10450367e-04 -2.96212027e-05
 -5.44948917e-06  5.05868743e-05]",0.00020562627183950966,146746
572,"[-8.49572988e-05  1.53376773e-05 -3.86769949e-05  1.46768896e-05
  3.36694225e-05 -2.06609242e-05  1.10450367e-04 -2.96212027e-05
 -5.44948917e-06  5.05868743e-05]",0.00020562627183950966,147003
573,"[-8.49572988e-05  1.53376773e-05 -3.86769949e-05  1.46768896e-05
  3.36694225e-05 -2.06609242e-05  1.10450367e-04 -2.96212027e-05
 -5.44948917e-06  5.05868743e-05]",0.00020562627183950966,147260
574,"[-8.49572988e-05  1.53376773e-05 -3.86769949e-05  1.46768896e-05
  3.36694225e-05 -2.06609242e-05  1.10450367e-04 -2.96212027e-05
 -5.44948917e-06  5.05868743e-05]",0.00020562627183950966,147517
575,"[-8.49572988e-05  1.53376773e-05 -3.86769949e-05  1.46768896e-05
  3.36694225e-05 -2.06609242e-05  1.10450367e-04 -2.96212027e-05
 -5.44948917e-06  5.05868743e-05]",0.00020562627183950966,147774
576,"[ 2.78980084e-05  1.95619401e-05 -1.05421036e-04 -5.07992891e-06
  4.95882911e-05  3.62677070e-05 -2.39503725e-05 -2.23406814e-05
 -9.50846477e-06 -7.92342592e-05]",0.00019409809917592113,148031
577,"[ 2.78980084e-05  1.95619401e-05 -1.05421036e-04 -5.07992891e-06
  4.95882911e-05  3.62677070e-05 -2.39503725e-05 -2.23406814e-05
 -9.50846477e-06 -7.92342592e-05]",0.00019409809917592113,148288
578,"[ 2.78980084e-05  1.95619401e-05 -1.05421036e-04 -5.07992891e-06
  4.95882911e-05  3.62677070e-05 -2.39503725e-05 -2.23406814e-05
 -9.50846477e-06 -7.92342592e-05]",0.00019409809917592113,148545
579,"[ 2.78980084e-05  1.95619401e-05 -1.05421036e-04 -5.07992891e-06
  4.95882911e-05  3.62677070e-05 -2.39503725e-05 -2.23406814e-05
 -9.50846477e-06 -7.92342592e-05]",0.00019409809917592113,148802
580,"[ 2.78980084e-05  1.95619401e-05 -1.05421036e-04 -5.07992891e-06
  4.95882911e-05  3.62677070e-05 -2.39503725e-05 -2.23406814e-05
 -9.50846477e-06 -7.92342592e-05]",0.00019409809917592113,149059
581,"[ 2.78980084e-05  1.95619401e-05 -1.05421036e-04 -5.07992891e-06
  4.95882911e-05  3.62677070e-05 -2.39503725e-05 -2.23406814e-05
 -9.50846477e-06 -7.92342592e-05]",0.00019409809917592113,149316
582,"[ 2.78980084e-05  1.95619401e-05 -1.05421036e-04 -5.07992891e-06
  4.95882911e-05  3.62677070e-05 -2.39503725e-05 -2.23406814e-05
 -9.50846477e-06 -7.92342592e-05]",0.00019409809917592113,149573
583,"[ 2.78980084e-05  1.95619401e-05 -1.05421036e-04 -5.07992891e-06
  4.95882911e-05  3.62677070e-05 -2.39503725e-05 -2.23406814e-05
 -9.50846477e-06 -7.92342592e-05]",0.00019409809917592113,149830
584,"[ 2.78980084e-05  1.95619401e-05 -1.05421036e-04 -5.07992891e-06
  4.95882911e-05  3.62677070e-05 -2.39503725e-05 -2.23406814e-05
 -9.50846477e-06 -7.92342592e-05]",0.00019409809917592113,150087
585,"[ 2.78980084e-05  1.95619401e-05 -1.05421036e-04 -5.07992891e-06
  4.95882911e-05  3.62677070e-05 -2.39503725e-05 -2.23406814e-05
 -9.50846477e-06 -7.92342592e-05]",0.00019409809917592113,150344
586,"[-2.32907081e-05 -4.23392997e-05 -2.52332753e-06 -4.32568137e-06
  4.50690167e-05 -4.72331337e-05 -5.63168113e-05  4.28053339e-05
  6.66886050e-05  3.34397506e-05]",0.00016594355981469633,150601
587,"[-2.32907081e-05 -4.23392997e-05 -2.52332753e-06 -4.32568137e-06
  4.50690167e-05 -4.72331337e-05 -5.63168113e-05  4.28053339e-05
  6.66886050e-05  3.34397506e-05]",0.00016594355981469633,150858
588,"[-2.32907081e-05 -4.23392997e-05 -2.52332753e-06 -4.32568137e-06
  4.50690167e-05 -4.72331337e-05 -5.63168113e-05  4.28053339e-05
  6.66886050e-05  3.34397506e-05]",0.00016594355981469633,151115
589,"[ 4.44534643e-05  4.69898097e-06  3.20518445e-05  1.94695028e-05
  4.39463882e-05  3.19586960e-05  4.13246824e-06 -2.23439425e-05
  6.25188503e-05 -2.84448890e-06]",0.00013145148832238718,151372
590,"[ 4.44534643e-05  4.69898097e-06  3.20518445e-05  1.94695028e-05
  4.39463882e-05  3.19586960e-05  4.13246824e-06 -2.23439425e-05
  6.25188503e-05 -2.84448890e-06]",0.00013145148832238718,151629
591,"[ 4.44534643e-05  4.69898097e-06  3.20518445e-05  1.94695028e-05
  4.39463882e-05  3.19586960e-05  4.13246824e-06 -2.23439425e-05
  6.25188503e-05 -2.84448890e-06]",0.00013145148832238718,151886
592,"[ 4.44534643e-05  4.69898097e-06  3.20518445e-05  1.94695028e-05
  4.39463882e-05  3.19586960e-05  4.13246824e-06 -2.23439425e-05
  6.25188503e-05 -2.84448890e-06]",0.00013145148832238718,152143
593,"[ 4.44534643e-05  4.69898097e-06  3.20518445e-05  1.94695028e-05
  4.39463882e-05  3.19586960e-05  4.13246824e-06 -2.23439425e-05
  6.25188503e-05 -2.84448890e-06]",0.00013145148832238718,152400
594,"[ 4.44534643e-05  4.69898097e-06  3.20518445e-05  1.94695028e-05
  4.39463882e-05  3.19586960e-05  4.13246824e-06 -2.23439425e-05
  6.25188503e-05 -2.84448890e-06]",0.00013145148832238718,152657
595,"[ 4.44534643e-05  4.69898097e-06  3.20518445e-05  1.94695028e-05
  4.39463882e-05  3.19586960e-05  4.13246824e-06 -2.23439425e-05
  6.25188503e-05 -2.84448890e-06]",0.00013145148832238718,152914
596,"[ 4.44534643e-05  4.69898097e-06  3.20518445e-05  1.94695028e-05
  4.39463882e-05  3.19586960e-05  4.13246824e-06 -2.23439425e-05
  6.25188503e-05 -2.84448890e-06]",0.00013145148832238718,153171
597,"[ 4.44534643e-05  4.69898097e-06  3.20518445e-05  1.94695028e-05
  4.39463882e-05  3.19586960e-05  4.13246824e-06 -2.23439425e-05
  6.25188503e-05 -2.84448890e-06]",0.00013145148832238718,153428
598,"[ 4.44534643e-05  4.69898097e-06  3.20518445e-05  1.94695028e-05
  4.39463882e-05  3.19586960e-05  4.13246824e-06 -2.23439425e-05
  6.25188503e-05 -2.84448890e-06]",0.00013145148832238718,153685
599,"[ 4.44534643e-05  4.69898097e-06  3.20518445e-05  1.94695028e-05
  4.39463882e-05  3.19586960e-05  4.13246824e-06 -2.23439425e-05
  6.25188503e-05 -2.84448890e-06]",0.00013145148832238718,153942
600,"[ 4.44534643e-05  4.69898097e-06  3.20518445e-05  1.94695028e-05
  4.39463882e-05  3.19586960e-05  4.13246824e-06 -2.23439425e-05
  6.25188503e-05 -2.84448890e-06]",0.00013145148832238718,154199
601,"[ 4.44534643e-05  4.69898097e-06  3.20518445e-05  1.94695028e-05
  4.39463882e-05  3.19586960e-05  4.13246824e-06 -2.23439425e-05
  6.25188503e-05 -2.84448890e-06]",0.00013145148832238718,154456
602,"[ 4.44534643e-05  4.69898097e-06  3.20518445e-05  1.94695028e-05
  4.39463882e-05  3.19586960e-05  4.13246824e-06 -2.23439425e-05
  6.25188503e-05 -2.84448890e-06]",0.00013145148832238718,154713
603,"[ 4.44534643e-05  4.69898097e-06  3.20518445e-05  1.94695028e-05
  4.39463882e-05  3.19586960e-05  4.13246824e-06 -2.23439425e-05
  6.25188503e-05 -2.84448890e-06]",0.00013145148832238718,154970
604,"[ 4.44534643e-05  4.69898097e-06  3.20518445e-05  1.94695028e-05
  4.39463882e-05  3.19586960e-05  4.13246824e-06 -2.23439425e-05
  6.25188503e-05 -2.84448890e-06]",0.00013145148832238718,155227
605,"[ 4.44534643e-05  4.69898097e-06  3.20518445e-05  1.94695028e-05
  4.39463882e-05  3.19586960e-05  4.13246824e-06 -2.23439425e-05
  6.25188503e-05 -2.84448890e-06]",0.00013145148832238718,155484
606,"[ 5.71160683e-05 -8.31843644e-06  3.23645159e-05  1.62791462e-05
 -1.58968638e-06  3.01428405e-05 -1.78115800e-05  3.98197308e-05
  2.59914030e-05  3.38424844e-05]",0.00012189365848103151,155741
607,"[ 5.71160683e-05 -8.31843644e-06  3.23645159e-05  1.62791462e-05
 -1.58968638e-06  3.01428405e-05 -1.78115800e-05  3.98197308e-05
  2.59914030e-05  3.38424844e-05]",0.00012189365848103151,155998
608,"[ 5.71160683e-05 -8.31843644e-06  3.23645159e-05  1.62791462e-05
 -1.58968638e-06  3.01428405e-05 -1.78115800e-05  3.98197308e-05
  2.59914030e-05  3.38424844e-05]",0.00012189365848103151,156255
609,"[ 5.71160683e-05 -8.31843644e-06  3.23645159e-05  1.62791462e-05
 -1.58968638e-06  3.01428405e-05 -1.78115800e-05  3.98197308e-05
  2.59914030e-05  3.38424844e-05]",0.00012189365848103151,156512
610,"[ 3.86778848e-06  7.68824295e-06  3.70848033e-05  3.78223974e-05
  2.97843580e-05 -9.28660195e-06 -1.73426756e-05  6.48689907e-05
 -1.48659136e-05 -2.36698447e-05]",0.00012099989398395294,156769
611,"[-2.58718748e-06 -5.28749034e-05 -1.84143431e-05  1.79501750e-05
  7.98241151e-06  6.42793541e-06  2.52696066e-05  4.01125448e-05
  5.88566838e-06  7.58889324e-06]",9.726178895919091e-05,157026
612,"[-2.58718748e-06 -5.28749034e-05 -1.84143431e-05  1.79501750e-05
  7.98241151e-06  6.42793541e-06  2.52696066e-05  4.01125448e-05
  5.88566838e-06  7.58889324e-06]",9.726178895919091e-05,157283
613,"[-2.58718748e-06 -5.28749034e-05 -1.84143431e-05  1.79501750e-05
  7.98241151e-06  6.42793541e-06  2.52696066e-05  4.01125448e-05
  5.88566838e-06  7.58889324e-06]",9.726178895919091e-05,157540
614,"[-2.58718748e-06 -5.28749034e-05 -1.84143431e-05  1.79501750e-05
  7.98241151e-06  6.42793541e-06  2.52696066e-05  4.01125448e-05
  5.88566838e-06  7.58889324e-06]",9.726178895919091e-05,157797
615,"[-2.58718748e-06 -5.28749034e-05 -1.84143431e-05  1.79501750e-05
  7.98241151e-06  6.42793541e-06  2.52696066e-05  4.01125448e-05
  5.88566838e-06  7.58889324e-06]",9.726178895919091e-05,158054
616,"[-2.36509269e-05 -2.29386272e-06  1.11752197e-05  2.35056677e-05
  4.91399632e-06  3.60127696e-05 -2.40147077e-05  5.95254288e-06
  2.10765203e-05  7.73915352e-06]",7.674612433961059e-05,158311
617,"[-2.36509269e-05 -2.29386272e-06  1.11752197e-05  2.35056677e-05
  4.91399632e-06  3.60127696e-05 -2.40147077e-05  5.95254288e-06
  2.10765203e-05  7.73915352e-06]",7.674612433961059e-05,158568
618,"[-2.36509269e-05 -2.29386272e-06  1.11752197e-05  2.35056677e-05
  4.91399632e-06  3.60127696e-05 -2.40147077e-05  5.95254288e-06
  2.10765203e-05  7.73915352e-06]",7.674612433961059e-05,158825
619,"[-2.36509269e-05 -2.29386272e-06  1.11752197e-05  2.35056677e-05
  4.91399632e-06  3.60127696e-05 -2.40147077e-05  5.95254288e-06
  2.10765203e-05  7.73915352e-06]",7.674612433961059e-05,159082
620,"[-2.36509269e-05 -2.29386272e-06  1.11752197e-05  2.35056677e-05
  4.91399632e-06  3.60127696e-05 -2.40147077e-05  5.95254288e-06
  2.10765203e-05  7.73915352e-06]",7.674612433961059e-05,159339
621,"[-2.36509269e-05 -2.29386272e-06  1.11752197e-05  2.35056677e-05
  4.91399632e-06  3.60127696e-05 -2.40147077e-05  5.95254288e-06
  2.10765203e-05  7.73915352e-06]",7.674612433961059e-05,159596
622,"[-2.36509269e-05 -2.29386272e-06  1.11752197e-05  2.35056677e-05
  4.91399632e-06  3.60127696e-05 -2.40147077e-05  5.95254288e-06
  2.10765203e-05  7.73915352e-06]",7.674612433961059e-05,159853
623,"[-2.36509269e-05 -2.29386272e-06  1.11752197e-05  2.35056677e-05
  4.91399632e-06  3.60127696e-05 -2.40147077e-05  5.95254288e-06
  2.10765203e-05  7.73915352e-06]",7.674612433961059e-05,160110
624,"[-2.36509269e-05 -2.29386272e-06  1.11752197e-05  2.35056677e-05
  4.91399632e-06  3.60127696e-05 -2.40147077e-05  5.95254288e-06
  2.10765203e-05  7.73915352e-06]",7.674612433961059e-05,160367
625,"[-2.36509269e-05 -2.29386272e-06  1.11752197e-05  2.35056677e-05
  4.91399632e-06  3.60127696e-05 -2.40147077e-05  5.95254288e-06
  2.10765203e-05  7.73915352e-06]",7.674612433961059e-05,160624
626,"[-2.36509269e-05 -2.29386272e-06  1.11752197e-05  2.35056677e-05
  4.91399632e-06  3.60127696e-05 -2.40147077e-05  5.95254288e-06
  2.10765203e-05  7.73915352e-06]",7.674612433961059e-05,160881
627,"[-2.36509269e-05 -2.29386272e-06  1.11752197e-05  2.35056677e-05
  4.91399632e-06  3.60127696e-05 -2.40147077e-05  5.95254288e-06
  2.10765203e-05  7.73915352e-06]",7.674612433961059e-05,161138
628,"[-2.36509269e-05 -2.29386272e-06  1.11752197e-05  2.35056677e-05
  4.91399632e-06  3.60127696e-05 -2.40147077e-05  5.95254288e-06
  2.10765203e-05  7.73915352e-06]",7.674612433961059e-05,161395
629,"[-2.36509269e-05 -2.29386272e-06  1.11752197e-05  2.35056677e-05
  4.91399632e-06  3.60127696e-05 -2.40147077e-05  5.95254288e-06
  2.10765203e-05  7.73915352e-06]",7.674612433961059e-05,161652
630,"[-2.36509269e-05 -2.29386272e-06  1.11752197e-05  2.35056677e-05
  4.91399632e-06  3.60127696e-05 -2.40147077e-05  5.95254288e-06
  2.10765203e-05  7.73915352e-06]",7.674612433961059e-05,161909
631,"[-2.36509269e-05 -2.29386272e-06  1.11752197e-05  2.35056677e-05
  4.91399632e-06  3.60127696e-05 -2.40147077e-05  5.95254288e-06
  2.10765203e-05  7.73915352e-06]",7.674612433961059e-05,162166
632,"[-3.09494646e-05 -1.35438159e-06  1.73650289e-05  2.13585082e-05
  1.35751479e-05 -1.93079365e-05  9.14926223e-06 -3.09288985e-05
  1.82879159e-05 -1.88412892e-06]",7.646884537537701e-05,162423
633,"[-2.77726567e-06  1.32957758e-05 -4.73503630e-06  4.76014865e-06
 -1.45062117e-05  2.13084711e-05 -9.02582768e-06 -8.51372692e-06
  4.44145148e-06 -8.08842917e-06]",4.2585839356679145e-05,162680
634,"[-2.77726567e-06  1.32957758e-05 -4.73503630e-06  4.76014865e-06
 -1.45062117e-05  2.13084711e-05 -9.02582768e-06 -8.51372692e-06
  4.44145148e-06 -8.08842917e-06]",4.2585839356679145e-05,162937
635,"[-2.77726567e-06  1.32957758e-05 -4.73503630e-06  4.76014865e-06
 -1.45062117e-05  2.13084711e-05 -9.02582768e-06 -8.51372692e-06
  4.44145148e-06 -8.08842917e-06]",4.2585839356679145e-05,163194
636,"[-2.77726567e-06  1.32957758e-05 -4.73503630e-06  4.76014865e-06
 -1.45062117e-05  2.13084711e-05 -9.02582768e-06 -8.51372692e-06
  4.44145148e-06 -8.08842917e-06]",4.2585839356679145e-05,163451
637,"[-2.77726567e-06  1.32957758e-05 -4.73503630e-06  4.76014865e-06
 -1.45062117e-05  2.13084711e-05 -9.02582768e-06 -8.51372692e-06
  4.44145148e-06 -8.08842917e-06]",4.2585839356679145e-05,163708
638,"[-2.77726567e-06  1.32957758e-05 -4.73503630e-06  4.76014865e-06
 -1.45062117e-05  2.13084711e-05 -9.02582768e-06 -8.51372692e-06
  4.44145148e-06 -8.08842917e-06]",4.2585839356679145e-05,163965
639,"[-2.77726567e-06  1.32957758e-05 -4.73503630e-06  4.76014865e-06
 -1.45062117e-05  2.13084711e-05 -9.02582768e-06 -8.51372692e-06
  4.44145148e-06 -8.08842917e-06]",4.2585839356679145e-05,164222
640,"[-2.77726567e-06  1.32957758e-05 -4.73503630e-06  4.76014865e-06
 -1.45062117e-05  2.13084711e-05 -9.02582768e-06 -8.51372692e-06
  4.44145148e-06 -8.08842917e-06]",4.2585839356679145e-05,164479
641,"[-2.77726567e-06  1.32957758e-05 -4.73503630e-06  4.76014865e-06
 -1.45062117e-05  2.13084711e-05 -9.02582768e-06 -8.51372692e-06
  4.44145148e-06 -8.08842917e-06]",4.2585839356679145e-05,164736
642,"[-2.77726567e-06  1.32957758e-05 -4.73503630e-06  4.76014865e-06
 -1.45062117e-05  2.13084711e-05 -9.02582768e-06 -8.51372692e-06
  4.44145148e-06 -8.08842917e-06]",4.2585839356679145e-05,164993
643,"[-2.77726567e-06  1.32957758e-05 -4.73503630e-06  4.76014865e-06
 -1.45062117e-05  2.13084711e-05 -9.02582768e-06 -8.51372692e-06
  4.44145148e-06 -8.08842917e-06]",4.2585839356679145e-05,165250
644,"[-2.77726567e-06  1.32957758e-05 -4.73503630e-06  4.76014865e-06
 -1.45062117e-05  2.13084711e-05 -9.02582768e-06 -8.51372692e-06
  4.44145148e-06 -8.08842917e-06]",4.2585839356679145e-05,165507
645,"[-2.77726567e-06  1.32957758e-05 -4.73503630e-06  4.76014865e-06
 -1.45062117e-05  2.13084711e-05 -9.02582768e-06 -8.51372692e-06
  4.44145148e-06 -8.08842917e-06]",4.2585839356679145e-05,165764
646,"[-2.77726567e-06  1.32957758e-05 -4.73503630e-06  4.76014865e-06
 -1.45062117e-05  2.13084711e-05 -9.02582768e-06 -8.51372692e-06
  4.44145148e-06 -8.08842917e-06]",4.2585839356679145e-05,166021
647,"[-2.77726567e-06  1.32957758e-05 -4.73503630e-06  4.76014865e-06
 -1.45062117e-05  2.13084711e-05 -9.02582768e-06 -8.51372692e-06
  4.44145148e-06 -8.08842917e-06]",4.2585839356679145e-05,166278
648,"[-2.77726567e-06  1.32957758e-05 -4.73503630e-06  4.76014865e-06
 -1.45062117e-05  2.13084711e-05 -9.02582768e-06 -8.51372692e-06
  4.44145148e-06 -8.08842917e-06]",4.2585839356679145e-05,166535
649,"[-2.77726567e-06  1.32957758e-05 -4.73503630e-06  4.76014865e-06
 -1.45062117e-05  2.13084711e-05 -9.02582768e-06 -8.51372692e-06
  4.44145148e-06 -8.08842917e-06]",4.2585839356679145e-05,166792
650,"[-1.44731395e-05 -2.13790087e-06 -7.15969856e-06 -1.84741726e-05
 -7.66971470e-06  1.50092876e-05 -1.46690527e-05 -8.46160784e-07
  1.15745526e-06 -1.57178320e-06]",4.2156297074047444e-05,167049
651,"[-1.44731395e-05 -2.13790087e-06 -7.15969856e-06 -1.84741726e-05
 -7.66971470e-06  1.50092876e-05 -1.46690527e-05 -8.46160784e-07
  1.15745526e-06 -1.57178320e-06]",4.2156297074047444e-05,167306
652,"[-1.44731395e-05 -2.13790087e-06 -7.15969856e-06 -1.84741726e-05
 -7.66971470e-06  1.50092876e-05 -1.46690527e-05 -8.46160784e-07
  1.15745526e-06 -1.57178320e-06]",4.2156297074047444e-05,167563
653,"[-1.44731395e-05 -2.13790087e-06 -7.15969856e-06 -1.84741726e-05
 -7.66971470e-06  1.50092876e-05 -1.46690527e-05 -8.46160784e-07
  1.15745526e-06 -1.57178320e-06]",4.2156297074047444e-05,167820
654,"[-1.44731395e-05 -2.13790087e-06 -7.15969856e-06 -1.84741726e-05
 -7.66971470e-06  1.50092876e-05 -1.46690527e-05 -8.46160784e-07
  1.15745526e-06 -1.57178320e-06]",4.2156297074047444e-05,168077
655,"[-1.44731395e-05 -2.13790087e-06 -7.15969856e-06 -1.84741726e-05
 -7.66971470e-06  1.50092876e-05 -1.46690527e-05 -8.46160784e-07
  1.15745526e-06 -1.57178320e-06]",4.2156297074047444e-05,168334
656,"[-1.44731395e-05 -2.13790087e-06 -7.15969856e-06 -1.84741726e-05
 -7.66971470e-06  1.50092876e-05 -1.46690527e-05 -8.46160784e-07
  1.15745526e-06 -1.57178320e-06]",4.2156297074047444e-05,168591
657,"[ 1.84198913e-05 -4.62949005e-06 -9.44327887e-06  1.22877091e-05
 -3.20680413e-06 -9.50228249e-06 -4.40270253e-07 -6.84147988e-06
 -1.77348402e-05 -2.06710181e-07]",4.1247035110547614e-05,168848
658,"[ 1.84198913e-05 -4.62949005e-06 -9.44327887e-06  1.22877091e-05
 -3.20680413e-06 -9.50228249e-06 -4.40270253e-07 -6.84147988e-06
 -1.77348402e-05 -2.06710181e-07]",4.1247035110547614e-05,169105
659,"[ 1.84198913e-05 -4.62949005e-06 -9.44327887e-06  1.22877091e-05
 -3.20680413e-06 -9.50228249e-06 -4.40270253e-07 -6.84147988e-06
 -1.77348402e-05 -2.06710181e-07]",4.1247035110547614e-05,169362
660,"[ 1.84198913e-05 -4.62949005e-06 -9.44327887e-06  1.22877091e-05
 -3.20680413e-06 -9.50228249e-06 -4.40270253e-07 -6.84147988e-06
 -1.77348402e-05 -2.06710181e-07]",4.1247035110547614e-05,169619
661,"[ 1.84198913e-05 -4.62949005e-06 -9.44327887e-06  1.22877091e-05
 -3.20680413e-06 -9.50228249e-06 -4.40270253e-07 -6.84147988e-06
 -1.77348402e-05 -2.06710181e-07]",4.1247035110547614e-05,169876
662,"[ 1.84198913e-05 -4.62949005e-06 -9.44327887e-06  1.22877091e-05
 -3.20680413e-06 -9.50228249e-06 -4.40270253e-07 -6.84147988e-06
 -1.77348402e-05 -2.06710181e-07]",4.1247035110547614e-05,170133
663,"[ 1.88966205e-06  1.44535516e-05 -1.31653347e-05 -2.68355260e-06
  5.17262308e-06  1.17623164e-06  3.45379225e-06 -1.18037869e-05
  1.01216468e-06  1.69338705e-05]",3.710296983472361e-05,170390
664,"[-1.57020848e-05  2.27968893e-06  2.69916083e-06  1.18771120e-05
 -5.76470866e-06 -5.36129211e-06 -1.91497096e-06  4.35189019e-06
 -1.17229260e-05 -1.01815586e-05]",3.4080865486618706e-05,170647
665,"[ 2.62588355e-06 -4.62949005e-06 -9.73301055e-06 -4.47477082e-06
 -2.09677454e-07 -9.50228249e-06 -4.40270253e-07  1.16870354e-05
 -1.05540773e-05 -1.19246293e-05]",3.159536700225729e-05,170904
666,"[ 2.62588355e-06 -4.62949005e-06 -9.73301055e-06 -4.47477082e-06
 -2.09677454e-07 -9.50228249e-06 -4.40270253e-07  1.16870354e-05
 -1.05540773e-05 -1.19246293e-05]",3.159536700225729e-05,171161
667,"[ 2.62588355e-06 -4.62949005e-06 -9.73301055e-06 -4.47477082e-06
 -2.09677454e-07 -9.50228249e-06 -4.40270253e-07  1.16870354e-05
 -1.05540773e-05 -1.19246293e-05]",3.159536700225729e-05,171418
668,"[ 2.62588355e-06 -4.62949005e-06 -9.73301055e-06 -4.47477082e-06
 -2.09677454e-07 -9.50228249e-06 -4.40270253e-07  1.16870354e-05
 -1.05540773e-05 -1.19246293e-05]",3.159536700225729e-05,171675
669,"[ 2.62588355e-06 -4.62949005e-06 -9.73301055e-06 -4.47477082e-06
 -2.09677454e-07 -9.50228249e-06 -4.40270253e-07  1.16870354e-05
 -1.05540773e-05 -1.19246293e-05]",3.159536700225729e-05,171932
670,"[ 2.62588355e-06 -4.62949005e-06 -9.73301055e-06 -4.47477082e-06
 -2.09677454e-07 -9.50228249e-06 -4.40270253e-07  1.16870354e-05
 -1.05540773e-05 -1.19246293e-05]",3.159536700225729e-05,172189
671,"[ 2.62588355e-06 -4.62949005e-06 -9.73301055e-06 -4.47477082e-06
 -2.09677454e-07 -9.50228249e-06 -4.40270253e-07  1.16870354e-05
 -1.05540773e-05 -1.19246293e-05]",3.159536700225729e-05,172446
672,"[ 2.62588355e-06 -4.62949005e-06 -9.73301055e-06 -4.47477082e-06
 -2.09677454e-07 -9.50228249e-06 -4.40270253e-07  1.16870354e-05
 -1.05540773e-05 -1.19246293e-05]",3.159536700225729e-05,172703
673,"[-6.48882177e-06  3.25691049e-06 -3.57321048e-06  8.23588322e-06
 -5.20681284e-06 -2.32058690e-06 -2.33075392e-06  7.73575814e-06
  4.02844122e-06  1.60865297e-05]",2.8458557171706644e-05,172960
674,"[-6.48882177e-06  3.25691049e-06 -3.57321048e-06  8.23588322e-06
 -5.20681284e-06 -2.32058690e-06 -2.33075392e-06  7.73575814e-06
  4.02844122e-06  1.60865297e-05]",2.8458557171706644e-05,173217
675,"[-6.48882177e-06  3.25691049e-06 -3.57321048e-06  8.23588322e-06
 -5.20681284e-06 -2.32058690e-06 -2.33075392e-06  7.73575814e-06
  4.02844122e-06  1.60865297e-05]",2.8458557171706644e-05,173474
676,"[-6.48882177e-06  3.25691049e-06 -3.57321048e-06  8.23588322e-06
 -5.20681284e-06 -2.32058690e-06 -2.33075392e-06  7.73575814e-06
  4.02844122e-06  1.60865297e-05]",2.8458557171706644e-05,173731
677,"[-6.48882177e-06  3.25691049e-06 -3.57321048e-06  8.23588322e-06
 -5.20681284e-06 -2.32058690e-06 -2.33075392e-06  7.73575814e-06
  4.02844122e-06  1.60865297e-05]",2.8458557171706644e-05,173988
678,"[ 2.17257435e-06  2.16611686e-06 -7.27550654e-06  2.46757390e-06
 -5.67024057e-06  4.26681769e-06 -5.21002158e-06  1.23960264e-06
  8.19016423e-07 -1.22385237e-05]",2.183457483129203e-05,174245
679,"[ 2.17257435e-06  2.16611686e-06 -7.27550654e-06  2.46757390e-06
 -5.67024057e-06  4.26681769e-06 -5.21002158e-06  1.23960264e-06
  8.19016423e-07 -1.22385237e-05]",2.183457483129203e-05,174502
680,"[ 2.17257435e-06  2.16611686e-06 -7.27550654e-06  2.46757390e-06
 -5.67024057e-06  4.26681769e-06 -5.21002158e-06  1.23960264e-06
  8.19016423e-07 -1.22385237e-05]",2.183457483129203e-05,174759
681,"[ 2.17257435e-06  2.16611686e-06 -7.27550654e-06  2.46757390e-06
 -5.67024057e-06  4.26681769e-06 -5.21002158e-06  1.23960264e-06
  8.19016423e-07 -1.22385237e-05]",2.183457483129203e-05,175016
682,"[ 2.17257435e-06  2.16611686e-06 -7.27550654e-06  2.46757390e-06
 -5.67024057e-06  4.26681769e-06 -5.21002158e-06  1.23960264e-06
  8.19016423e-07 -1.22385237e-05]",2.183457483129203e-05,175273
683,"[-8.75644344e-07  2.58186942e-06  2.26533655e-06 -7.04913899e-06
 -4.24691367e-06  1.64367892e-06  9.13706064e-06 -9.68478469e-06
  1.90523272e-06  1.41404228e-06]",2.0627738248624183e-05,175530
684,"[-8.75644344e-07  2.58186942e-06  2.26533655e-06 -7.04913899e-06
 -4.24691367e-06  1.64367892e-06  9.13706064e-06 -9.68478469e-06
  1.90523272e-06  1.41404228e-06]",2.0627738248624183e-05,175787
685,"[-8.75644344e-07  2.58186942e-06  2.26533655e-06 -7.04913899e-06
 -4.24691367e-06  1.64367892e-06  9.13706064e-06 -9.68478469e-06
  1.90523272e-06  1.41404228e-06]",2.0627738248624183e-05,176044
686,"[-8.75644344e-07  2.58186942e-06  2.26533655e-06 -7.04913899e-06
 -4.24691367e-06  1.64367892e-06  9.13706064e-06 -9.68478469e-06
  1.90523272e-06  1.41404228e-06]",2.0627738248624183e-05,176301
687,"[-8.75644344e-07  2.58186942e-06  2.26533655e-06 -7.04913899e-06
 -4.24691367e-06  1.64367892e-06  9.13706064e-06 -9.68478469e-06
  1.90523272e-06  1.41404228e-06]",2.0627738248624183e-05,176558
688,"[-4.70937684e-06  8.92932222e-06 -4.07199600e-06  5.79803731e-06
  3.09231977e-06  4.10432808e-06 -4.06893253e-06  4.76538183e-06
  5.36255285e-06  2.65117481e-06]",2.014357039969994e-05,176815
689,"[-4.70937684e-06  8.92932222e-06 -4.07199600e-06  5.79803731e-06
  3.09231977e-06  4.10432808e-06 -4.06893253e-06  4.76538183e-06
  5.36255285e-06  2.65117481e-06]",2.014357039969994e-05,177072
690,"[-4.70937684e-06  8.92932222e-06 -4.07199600e-06  5.79803731e-06
  3.09231977e-06  4.10432808e-06 -4.06893253e-06  4.76538183e-06
  5.36255285e-06  2.65117481e-06]",2.014357039969994e-05,177329
691,"[-4.70937684e-06  8.92932222e-06 -4.07199600e-06  5.79803731e-06
  3.09231977e-06  4.10432808e-06 -4.06893253e-06  4.76538183e-06
  5.36255285e-06  2.65117481e-06]",2.014357039969994e-05,177586
692,"[-4.70937684e-06  8.92932222e-06 -4.07199600e-06  5.79803731e-06
  3.09231977e-06  4.10432808e-06 -4.06893253e-06  4.76538183e-06
  5.36255285e-06  2.65117481e-06]",2.014357039969994e-05,177843
693,"[-4.70937684e-06  8.92932222e-06 -4.07199600e-06  5.79803731e-06
  3.09231977e-06  4.10432808e-06 -4.06893253e-06  4.76538183e-06
  5.36255285e-06  2.65117481e-06]",2.014357039969994e-05,178100
694,"[-4.70937684e-06  8.92932222e-06 -4.07199600e-06  5.79803731e-06
  3.09231977e-06  4.10432808e-06 -4.06893253e-06  4.76538183e-06
  5.36255285e-06  2.65117481e-06]",2.014357039969994e-05,178357
695,"[-4.70937684e-06  8.92932222e-06 -4.07199600e-06  5.79803731e-06
  3.09231977e-06  4.10432808e-06 -4.06893253e-06  4.76538183e-06
  5.36255285e-06  2.65117481e-06]",2.014357039969994e-05,178614
696,"[-4.70937684e-06  8.92932222e-06 -4.07199600e-06  5.79803731e-06
  3.09231977e-06  4.10432808e-06 -4.06893253e-06  4.76538183e-06
  5.36255285e-06  2.65117481e-06]",2.014357039969994e-05,178871
697,"[-3.19916531e-06  1.19227881e-06  2.40441964e-06  4.48668656e-06
 -5.07918512e-06  9.33072545e-07  7.15647755e-06 -1.57371251e-06
  2.88445368e-06 -4.65046137e-06]",1.5382601695979048e-05,179128
698,"[-3.19916531e-06  1.19227881e-06  2.40441964e-06  4.48668656e-06
 -5.07918512e-06  9.33072545e-07  7.15647755e-06 -1.57371251e-06
  2.88445368e-06 -4.65046137e-06]",1.5382601695979048e-05,179385
699,"[-3.19916531e-06  1.19227881e-06  2.40441964e-06  4.48668656e-06
 -5.07918512e-06  9.33072545e-07  7.15647755e-06 -1.57371251e-06
  2.88445368e-06 -4.65046137e-06]",1.5382601695979048e-05,179642
700,"[-3.19916531e-06  1.19227881e-06  2.40441964e-06  4.48668656e-06
 -5.07918512e-06  9.33072545e-07  7.15647755e-06 -1.57371251e-06
  2.88445368e-06 -4.65046137e-06]",1.5382601695979048e-05,179899
701,"[-3.19916531e-06  1.19227881e-06  2.40441964e-06  4.48668656e-06
 -5.07918512e-06  9.33072545e-07  7.15647755e-06 -1.57371251e-06
  2.88445368e-06 -4.65046137e-06]",1.5382601695979048e-05,180156
702,"[-3.19916531e-06  1.19227881e-06  2.40441964e-06  4.48668656e-06
 -5.07918512e-06  9.33072545e-07  7.15647755e-06 -1.57371251e-06
  2.88445368e-06 -4.65046137e-06]",1.5382601695979048e-05,180413
703,"[-3.19916531e-06  1.19227881e-06  2.40441964e-06  4.48668656e-06
 -5.07918512e-06  9.33072545e-07  7.15647755e-06 -1.57371251e-06
  2.88445368e-06 -4.65046137e-06]",1.5382601695979048e-05,180670
704,"[-3.19916531e-06  1.19227881e-06  2.40441964e-06  4.48668656e-06
 -5.07918512e-06  9.33072545e-07  7.15647755e-06 -1.57371251e-06
  2.88445368e-06 -4.65046137e-06]",1.5382601695979048e-05,180927
705,"[-3.19916531e-06  1.19227881e-06  2.40441964e-06  4.48668656e-06
 -5.07918512e-06  9.33072545e-07  7.15647755e-06 -1.57371251e-06
  2.88445368e-06 -4.65046137e-06]",1.5382601695979048e-05,181184
706,"[ 9.90776967e-07 -8.26261468e-06 -2.95105627e-07  1.21515299e-06
  4.32516562e-06  4.23094263e-06 -4.95459596e-06  1.67510434e-06
 -5.44279513e-08 -2.12083249e-06]",1.4928779596079522e-05,181441
707,"[ 9.90776967e-07 -8.26261468e-06 -2.95105627e-07  1.21515299e-06
  4.32516562e-06  4.23094263e-06 -4.95459596e-06  1.67510434e-06
 -5.44279513e-08 -2.12083249e-06]",1.4928779596079522e-05,181698
708,"[ 9.90776967e-07 -8.26261468e-06 -2.95105627e-07  1.21515299e-06
  4.32516562e-06  4.23094263e-06 -4.95459596e-06  1.67510434e-06
 -5.44279513e-08 -2.12083249e-06]",1.4928779596079522e-05,181955
709,"[ 9.90776967e-07 -8.26261468e-06 -2.95105627e-07  1.21515299e-06
  4.32516562e-06  4.23094263e-06 -4.95459596e-06  1.67510434e-06
 -5.44279513e-08 -2.12083249e-06]",1.4928779596079522e-05,182212
710,"[ 9.90776967e-07 -8.26261468e-06 -2.95105627e-07  1.21515299e-06
  4.32516562e-06  4.23094263e-06 -4.95459596e-06  1.67510434e-06
 -5.44279513e-08 -2.12083249e-06]",1.4928779596079522e-05,182469
711,"[ 4.13959304e-06 -1.37416889e-06  3.78855956e-06 -1.38433687e-06
  1.20802151e-06 -2.61937792e-06 -7.30445553e-06 -3.89426179e-06
  3.74956505e-06 -1.80374131e-06]",1.439222388954775e-05,182726
712,"[ 4.13959304e-06 -1.37416889e-06  3.78855956e-06 -1.38433687e-06
  1.20802151e-06 -2.61937792e-06 -7.30445553e-06 -3.89426179e-06
  3.74956505e-06 -1.80374131e-06]",1.439222388954775e-05,182983
713,"[ 4.13959304e-06 -1.37416889e-06  3.78855956e-06 -1.38433687e-06
  1.20802151e-06 -2.61937792e-06 -7.30445553e-06 -3.89426179e-06
  3.74956505e-06 -1.80374131e-06]",1.439222388954775e-05,183240
714,"[ 4.13959304e-06 -1.37416889e-06  3.78855956e-06 -1.38433687e-06
  1.20802151e-06 -2.61937792e-06 -7.30445553e-06 -3.89426179e-06
  3.74956505e-06 -1.80374131e-06]",1.439222388954775e-05,183497
715,"[ 4.13959304e-06 -1.37416889e-06  3.78855956e-06 -1.38433687e-06
  1.20802151e-06 -2.61937792e-06 -7.30445553e-06 -3.89426179e-06
  3.74956505e-06 -1.80374131e-06]",1.439222388954775e-05,183754
716,"[-9.10615819e-07 -4.85759883e-06  3.62984928e-06  1.73160751e-06
  3.98155305e-06  2.68021227e-06 -3.28869498e-06  4.52011315e-06
 -4.00336666e-07 -3.63954877e-06]",1.3163529736903712e-05,184011
717,"[-3.04591608e-06 -1.43291497e-06  2.74246996e-06  8.32693652e-07
  3.86527446e-06 -4.71639219e-06 -4.75381612e-06 -2.96413082e-06
  3.63441575e-06 -2.05231166e-06]",1.2995076116073534e-05,184268
718,"[ 5.59705965e-06 -1.00588043e-06 -2.36798192e-07 -5.23208365e-06
 -3.80075871e-07 -5.81143475e-07  4.11536187e-07  3.90813490e-06
 -4.71656764e-06  1.14591841e-08]",1.251872289431688e-05,184525
719,"[ 5.59705965e-06 -1.00588043e-06 -2.36798192e-07 -5.23208365e-06
 -3.80075871e-07 -5.81143475e-07  4.11536187e-07  3.90813490e-06
 -4.71656764e-06  1.14591841e-08]",1.251872289431688e-05,184782
720,"[ 4.20080432e-06  4.93908636e-06 -2.67253079e-07 -3.57514222e-06
  3.24020154e-06 -5.48346057e-07 -2.33785023e-06  2.37140579e-06
 -1.56303125e-06  8.46511230e-08]",1.1259788078366029e-05,185039
721,"[ 4.20080432e-06  4.93908636e-06 -2.67253079e-07 -3.57514222e-06
  3.24020154e-06 -5.48346057e-07 -2.33785023e-06  2.37140579e-06
 -1.56303125e-06  8.46511230e-08]",1.1259788078366029e-05,185296
722,"[-3.19420466e-06  3.25691049e-06  4.12697812e-06 -1.71915712e-06
 -7.68842213e-07  2.47949509e-06  2.32133941e-06  5.15995944e-07
 -6.27629353e-07 -7.16949795e-07]",9.30402304932798e-06,185553
723,"[-3.19420466e-06  3.25691049e-06  4.12697812e-06 -1.71915712e-06
 -7.68842213e-07  2.47949509e-06  2.32133941e-06  5.15995944e-07
 -6.27629353e-07 -7.16949795e-07]",9.30402304932798e-06,185810
724,"[-3.19420466e-06  3.25691049e-06  4.12697812e-06 -1.71915712e-06
 -7.68842213e-07  2.47949509e-06  2.32133941e-06  5.15995944e-07
 -6.27629353e-07 -7.16949795e-07]",9.30402304932798e-06,186067
725,"[-3.19420466e-06  3.25691049e-06  4.12697812e-06 -1.71915712e-06
 -7.68842213e-07  2.47949509e-06  2.32133941e-06  5.15995944e-07
 -6.27629353e-07 -7.16949795e-07]",9.30402304932798e-06,186324
726,"[-3.19420466e-06  3.25691049e-06  4.12697812e-06 -1.71915712e-06
 -7.68842213e-07  2.47949509e-06  2.32133941e-06  5.15995944e-07
 -6.27629353e-07 -7.16949795e-07]",9.30402304932798e-06,186581
727,"[-3.19420466e-06  3.25691049e-06  4.12697812e-06 -1.71915712e-06
 -7.68842213e-07  2.47949509e-06  2.32133941e-06  5.15995944e-07
 -6.27629353e-07 -7.16949795e-07]",9.30402304932798e-06,186838
728,"[-3.19420466e-06  3.25691049e-06  4.12697812e-06 -1.71915712e-06
 -7.68842213e-07  2.47949509e-06  2.32133941e-06  5.15995944e-07
 -6.27629353e-07 -7.16949795e-07]",9.30402304932798e-06,187095
729,"[-3.19420466e-06  3.25691049e-06  4.12697812e-06 -1.71915712e-06
 -7.68842213e-07  2.47949509e-06  2.32133941e-06  5.15995944e-07
 -6.27629353e-07 -7.16949795e-07]",9.30402304932798e-06,187352
730,"[ 1.59174887e-06  3.24819240e-06  3.68285254e-06 -1.74293308e-06
 -1.93652284e-06  1.65856940e-06 -1.10838716e-06  1.24584493e-06
 -1.36991216e-06  9.84898639e-07]",8.179606173275289e-06,187609
731,"[ 1.59174887e-06  3.24819240e-06  3.68285254e-06 -1.74293308e-06
 -1.93652284e-06  1.65856940e-06 -1.10838716e-06  1.24584493e-06
 -1.36991216e-06  9.84898639e-07]",8.179606173275289e-06,187866
732,"[ 1.59174887e-06  3.24819240e-06  3.68285254e-06 -1.74293308e-06
 -1.93652284e-06  1.65856940e-06 -1.10838716e-06  1.24584493e-06
 -1.36991216e-06  9.84898639e-07]",8.179606173275289e-06,188123
733,"[ 1.59174887e-06  3.24819240e-06  3.68285254e-06 -1.74293308e-06
 -1.93652284e-06  1.65856940e-06 -1.10838716e-06  1.24584493e-06
 -1.36991216e-06  9.84898639e-07]",8.179606173275289e-06,188380
734,"[ 1.59174887e-06  3.24819240e-06  3.68285254e-06 -1.74293308e-06
 -1.93652284e-06  1.65856940e-06 -1.10838716e-06  1.24584493e-06
 -1.36991216e-06  9.84898639e-07]",8.179606173275289e-06,188637
735,"[ 1.59174887e-06  3.24819240e-06  3.68285254e-06 -1.74293308e-06
 -1.93652284e-06  1.65856940e-06 -1.10838716e-06  1.24584493e-06
 -1.36991216e-06  9.84898639e-07]",8.179606173275289e-06,188894
736,"[-4.93974054e-07  1.97262061e-06  6.06005515e-07 -1.35245603e-06
  3.08322021e-06 -6.89052642e-07  1.22473382e-06  1.54740464e-06
 -1.92076397e-06 -1.55197871e-06]",6.487675098032497e-06,189151
737,"[-4.93974054e-07  1.97262061e-06  6.06005515e-07 -1.35245603e-06
  3.08322021e-06 -6.89052642e-07  1.22473382e-06  1.54740464e-06
 -1.92076397e-06 -1.55197871e-06]",6.487675098032497e-06,189408
738,"[-4.93974054e-07  1.97262061e-06  6.06005515e-07 -1.35245603e-06
  3.08322021e-06 -6.89052642e-07  1.22473382e-06  1.54740464e-06
 -1.92076397e-06 -1.55197871e-06]",6.487675098032497e-06,189665
739,"[-4.93974054e-07  1.97262061e-06  6.06005515e-07 -1.35245603e-06
  3.08322021e-06 -6.89052642e-07  1.22473382e-06  1.54740464e-06
 -1.92076397e-06 -1.55197871e-06]",6.487675098032497e-06,189922
740,"[-4.93974054e-07  1.97262061e-06  6.06005515e-07 -1.35245603e-06
  3.08322021e-06 -6.89052642e-07  1.22473382e-06  1.54740464e-06
 -1.92076397e-06 -1.55197871e-06]",6.487675098032497e-06,190179
741,"[-4.93974054e-07  1.97262061e-06  6.06005515e-07 -1.35245603e-06
  3.08322021e-06 -6.89052642e-07  1.22473382e-06  1.54740464e-06
 -1.92076397e-06 -1.55197871e-06]",6.487675098032497e-06,190436
742,"[-2.88619696e-06 -3.45643416e-07 -8.52807245e-09  3.06011253e-07
 -1.44610158e-06  7.58135140e-07 -3.72804358e-06  2.02679922e-07
  7.90477401e-07  5.31942934e-08]",6.422145535811552e-06,190693
743,"[-2.88619696e-06 -3.45643416e-07 -8.52807245e-09  3.06011253e-07
 -1.44610158e-06  7.58135140e-07 -3.72804358e-06  2.02679922e-07
  7.90477401e-07  5.31942934e-08]",6.422145535811552e-06,190950
744,"[-2.88619696e-06 -3.45643416e-07 -8.52807245e-09  3.06011253e-07
 -1.44610158e-06  7.58135140e-07 -3.72804358e-06  2.02679922e-07
  7.90477401e-07  5.31942934e-08]",6.422145535811552e-06,191207
745,"[ 2.13540124e-06 -1.83462545e-06  1.28419372e-06  2.76333886e-07
  6.26088552e-07  1.18954745e-06  2.29922414e-06  1.08433539e-07
  1.28610627e-06  4.93251065e-07]",5.463265946747953e-06,191464
746,"[ 2.13540124e-06 -1.83462545e-06  1.28419372e-06  2.76333886e-07
  6.26088552e-07  1.18954745e-06  2.29922414e-06  1.08433539e-07
  1.28610627e-06  4.93251065e-07]",5.463265946747953e-06,191721
747,"[ 2.13540124e-06 -1.83462545e-06  1.28419372e-06  2.76333886e-07
  6.26088552e-07  1.18954745e-06  2.29922414e-06  1.08433539e-07
  1.28610627e-06  4.93251065e-07]",5.463265946747953e-06,191978
748,"[ 2.13540124e-06 -1.83462545e-06  1.28419372e-06  2.76333886e-07
  6.26088552e-07  1.18954745e-06  2.29922414e-06  1.08433539e-07
  1.28610627e-06  4.93251065e-07]",5.463265946747953e-06,192235
749,"[ 2.13540124e-06 -1.83462545e-06  1.28419372e-06  2.76333886e-07
  6.26088552e-07  1.18954745e-06  2.29922414e-06  1.08433539e-07
  1.28610627e-06  4.93251065e-07]",5.463265946747953e-06,192492
750,"[ 1.45476424e-06 -8.47578839e-07  8.53211319e-07 -1.06594231e-06
 -2.42174588e-06  2.39803064e-07 -1.91917898e-06  4.36326693e-07
  1.34320195e-07 -1.90280218e-06]",5.386541343188611e-06,192749
751,"[ 1.45476424e-06 -8.47578839e-07  8.53211319e-07 -1.06594231e-06
 -2.42174588e-06  2.39803064e-07 -1.91917898e-06  4.36326693e-07
  1.34320195e-07 -1.90280218e-06]",5.386541343188611e-06,193006
752,"[ 1.45476424e-06 -8.47578839e-07  8.53211319e-07 -1.06594231e-06
 -2.42174588e-06  2.39803064e-07 -1.91917898e-06  4.36326693e-07
  1.34320195e-07 -1.90280218e-06]",5.386541343188611e-06,193263
753,"[ 1.45476424e-06 -8.47578839e-07  8.53211319e-07 -1.06594231e-06
 -2.42174588e-06  2.39803064e-07 -1.91917898e-06  4.36326693e-07
  1.34320195e-07 -1.90280218e-06]",5.386541343188611e-06,193520
754,"[-3.02463610e-07  7.01577884e-07  2.97044200e-06  1.07246737e-06
 -3.44587706e-07  4.77509278e-07 -8.02605236e-07  1.13810580e-06
  2.02486125e-06 -1.34275764e-07]",5.209576532383409e-06,193777
755,"[-3.02463610e-07  7.01577884e-07  2.97044200e-06  1.07246737e-06
 -3.44587706e-07  4.77509278e-07 -8.02605236e-07  1.13810580e-06
  2.02486125e-06 -1.34275764e-07]",5.209576532383409e-06,194034
756,"[-3.02463610e-07  7.01577884e-07  2.97044200e-06  1.07246737e-06
 -3.44587706e-07  4.77509278e-07 -8.02605236e-07  1.13810580e-06
  2.02486125e-06 -1.34275764e-07]",5.209576532383409e-06,194291
757,"[ 4.66508698e-07 -1.54988937e-06  6.34651203e-08  1.30024413e-06
  2.42378362e-07  7.49136145e-08 -1.95149787e-06  1.24758417e-06
  1.65182819e-06 -2.04911889e-06]",5.164744689256651e-06,194548
758,"[ 4.66508698e-07 -1.54988937e-06  6.34651203e-08  1.30024413e-06
  2.42378362e-07  7.49136145e-08 -1.95149787e-06  1.24758417e-06
  1.65182819e-06 -2.04911889e-06]",5.164744689256651e-06,194805
759,"[-1.30530875e-06 -5.43889672e-07 -3.12347331e-07  1.53012057e-06
 -3.27791889e-07  2.48472737e-06 -6.35693547e-07 -4.81181566e-07
  2.98561728e-07 -1.96159980e-06]",4.9465871474474454e-06,195062
760,"[ 3.58734361e-07  8.48781511e-07  1.14581521e-06 -2.39311753e-06
  8.45323505e-07  1.42443310e-06  1.45677836e-06  5.70318663e-07
  3.22901395e-07  8.50218999e-07]",4.7172274624252e-06,195319
761,"[ 3.58734361e-07  8.48781511e-07  1.14581521e-06 -2.39311753e-06
  8.45323505e-07  1.42443310e-06  1.45677836e-06  5.70318663e-07
  3.22901395e-07  8.50218999e-07]",4.7172274624252e-06,195576
762,"[ 1.09042876e-06  1.22087305e-06 -1.86129341e-07 -6.65316184e-07
  8.66826598e-07  9.33587050e-07  8.09046010e-07  5.27708871e-07
  6.35240543e-07  1.76844179e-06]",3.8458319129297536e-06,195833
763,"[ 1.09042876e-06  1.22087305e-06 -1.86129341e-07 -6.65316184e-07
  8.66826598e-07  9.33587050e-07  8.09046010e-07  5.27708871e-07
  6.35240543e-07  1.76844179e-06]",3.8458319129297536e-06,196090
764,"[-1.78324101e-06 -1.27993170e-06 -2.16145298e-08  7.53352781e-07
  4.72357911e-07 -4.96811064e-07  1.15319757e-06 -2.48880134e-07
  1.15323166e-07 -3.21219986e-07]",3.432685350635012e-06,196347
765,"[-1.78324101e-06 -1.27993170e-06 -2.16145298e-08  7.53352781e-07
  4.72357911e-07 -4.96811064e-07  1.15319757e-06 -2.48880134e-07
  1.15323166e-07 -3.21219986e-07]",3.432685350635012e-06,196604
766,"[-1.78324101e-06 -1.27993170e-06 -2.16145298e-08  7.53352781e-07
  4.72357911e-07 -4.96811064e-07  1.15319757e-06 -2.48880134e-07
  1.15323166e-07 -3.21219986e-07]",3.432685350635012e-06,196861
767,"[-1.78324101e-06 -1.27993170e-06 -2.16145298e-08  7.53352781e-07
  4.72357911e-07 -4.96811064e-07  1.15319757e-06 -2.48880134e-07
  1.15323166e-07 -3.21219986e-07]",3.432685350635012e-06,197118
768,"[-1.78324101e-06 -1.27993170e-06 -2.16145298e-08  7.53352781e-07
  4.72357911e-07 -4.96811064e-07  1.15319757e-06 -2.48880134e-07
  1.15323166e-07 -3.21219986e-07]",3.432685350635012e-06,197375
769,"[ 1.17521924e-06 -3.40333929e-07  1.00284633e-07  1.15710359e-06
 -3.18118113e-08  6.57353753e-07 -1.45422508e-06  2.12063985e-09
 -6.57871538e-07 -1.12127124e-06]",3.3666641319207713e-06,197632
770,"[ 1.17521924e-06 -3.40333929e-07  1.00284633e-07  1.15710359e-06
 -3.18118113e-08  6.57353753e-07 -1.45422508e-06  2.12063985e-09
 -6.57871538e-07 -1.12127124e-06]",3.3666641319207713e-06,197889
771,"[ 1.17521924e-06 -3.40333929e-07  1.00284633e-07  1.15710359e-06
 -3.18118113e-08  6.57353753e-07 -1.45422508e-06  2.12063985e-09
 -6.57871538e-07 -1.12127124e-06]",3.3666641319207713e-06,198146
772,"[ 1.17521924e-06 -3.40333929e-07  1.00284633e-07  1.15710359e-06
 -3.18118113e-08  6.57353753e-07 -1.45422508e-06  2.12063985e-09
 -6.57871538e-07 -1.12127124e-06]",3.3666641319207713e-06,198403
773,"[-1.02708744e-06  5.44602306e-07  4.64190971e-07  1.71600301e-06
  2.34581462e-07 -1.83602458e-07 -8.52562199e-07  6.58504585e-07
 -2.27219985e-07  9.17643977e-07]",3.2630569042346735e-06,198660
774,"[-1.02708744e-06  5.44602306e-07  4.64190971e-07  1.71600301e-06
  2.34581462e-07 -1.83602458e-07 -8.52562199e-07  6.58504585e-07
 -2.27219985e-07  9.17643977e-07]",3.2630569042346735e-06,198917
775,"[-1.02708744e-06  5.44602306e-07  4.64190971e-07  1.71600301e-06
  2.34581462e-07 -1.83602458e-07 -8.52562199e-07  6.58504585e-07
 -2.27219985e-07  9.17643977e-07]",3.2630569042346735e-06,199174
776,"[-1.02708744e-06  5.44602306e-07  4.64190971e-07  1.71600301e-06
  2.34581462e-07 -1.83602458e-07 -8.52562199e-07  6.58504585e-07
 -2.27219985e-07  9.17643977e-07]",3.2630569042346735e-06,199431
777,"[-1.02708744e-06  5.44602306e-07  4.64190971e-07  1.71600301e-06
  2.34581462e-07 -1.83602458e-07 -8.52562199e-07  6.58504585e-07
 -2.27219985e-07  9.17643977e-07]",3.2630569042346735e-06,199688
778,"[-1.02708744e-06  5.44602306e-07  4.64190971e-07  1.71600301e-06
  2.34581462e-07 -1.83602458e-07 -8.52562199e-07  6.58504585e-07
 -2.27219985e-07  9.17643977e-07]",3.2630569042346735e-06,199945
779,"[-1.02708744e-06  5.44602306e-07  4.64190971e-07  1.71600301e-06
  2.34581462e-07 -1.83602458e-07 -8.52562199e-07  6.58504585e-07
 -2.27219985e-07  9.17643977e-07]",3.2630569042346735e-06,200202
780,"[-1.02708744e-06  5.44602306e-07  4.64190971e-07  1.71600301e-06
  2.34581462e-07 -1.83602458e-07 -8.52562199e-07  6.58504585e-07
 -2.27219985e-07  9.17643977e-07]",3.2630569042346735e-06,200459
781,"[ 1.15745175e-06 -4.44092769e-07  5.99027116e-07 -1.78537485e-06
  1.02591298e-06 -4.96811064e-07 -1.38194735e-07 -2.48880134e-07
  1.15323166e-07 -3.21219986e-07]",3.244759817722098e-06,200716
782,"[ 1.15745175e-06 -4.44092769e-07  5.99027116e-07 -1.78537485e-06
  1.02591298e-06 -4.96811064e-07 -1.38194735e-07 -2.48880134e-07
  1.15323166e-07 -3.21219986e-07]",2.960968644050155e-06,200973
783,"[ 1.15745175e-06 -4.44092769e-07  5.99027116e-07 -1.78537485e-06
  1.02591298e-06 -4.96811064e-07 -1.38194735e-07 -2.48880134e-07
  1.15323166e-07 -3.21219986e-07]",2.960968644050155e-06,201230
784,"[ 1.15745175e-06 -4.44092769e-07  5.99027116e-07 -1.78537485e-06
  1.02591298e-06 -4.96811064e-07 -1.38194735e-07 -2.48880134e-07
  1.15323166e-07 -3.21219986e-07]",2.960968644050155e-06,201487
785,"[ 1.15745175e-06 -4.44092769e-07  5.99027116e-07 -1.78537485e-06
  1.02591298e-06 -4.96811064e-07 -1.38194735e-07 -2.48880134e-07
  1.15323166e-07 -3.21219986e-07]",2.960968644050155e-06,201744
786,"[ 1.15745175e-06 -4.44092769e-07  5.99027116e-07 -1.78537485e-06
  1.02591298e-06 -4.96811064e-07 -1.38194735e-07 -2.48880134e-07
  1.15323166e-07 -3.21219986e-07]",2.960968644050155e-06,202001
787,"[ 6.43306171e-07  7.22548535e-08  1.39153099e-07 -1.62354477e-09
 -8.28122739e-07  4.91220295e-07 -1.29816164e-06 -8.23140779e-07
 -9.90414905e-07 -7.02798342e-07]",2.8853411540019636e-06,202258
788,"[-1.33643398e-06  2.52804125e-09 -1.04657480e-07 -1.66815846e-07
 -8.26321946e-07  5.21420587e-08 -3.81858711e-07  9.08277943e-07
  2.27125013e-07  7.23607626e-07]",2.5476003107094414e-06,202515
789,"[-1.33643398e-06  2.52804125e-09 -1.04657480e-07 -1.66815846e-07
 -8.26321946e-07  5.21420587e-08 -3.81858711e-07  9.08277943e-07
  2.27125013e-07  7.23607626e-07]",2.5476003107094414e-06,202772
790,"[-2.21925495e-07  4.00578591e-07  4.21640092e-07 -1.68689792e-07
  2.81302069e-07  4.74354803e-07  1.96152480e-07  7.14398319e-07
 -2.58739852e-08 -1.16039453e-07]",1.4328051851641987e-06,203029
791,"[-2.21925495e-07  4.00578591e-07  4.21640092e-07 -1.68689792e-07
  2.81302069e-07  4.74354803e-07  1.96152480e-07  7.14398319e-07
 -2.58739852e-08 -1.16039453e-07]",1.4328051851641987e-06,203286
792,"[-2.21925495e-07  4.00578591e-07  4.21640092e-07 -1.68689792e-07
  2.81302069e-07  4.74354803e-07  1.96152480e-07  7.14398319e-07
 -2.58739852e-08 -1.16039453e-07]",1.4328051851641987e-06,203543
793,"[-2.21925495e-07  4.00578591e-07  4.21640092e-07 -1.68689792e-07
  2.81302069e-07  4.74354803e-07  1.96152480e-07  7.14398319e-07
 -2.58739852e-08 -1.16039453e-07]",1.4328051851641987e-06,203800
794,"[-2.21925495e-07  4.00578591e-07  4.21640092e-07 -1.68689792e-07
  2.81302069e-07  4.74354803e-07  1.96152480e-07  7.14398319e-07
 -2.58739852e-08 -1.16039453e-07]",1.4328051851641987e-06,204057
795,"[-2.21925495e-07  4.00578591e-07  4.21640092e-07 -1.68689792e-07
  2.81302069e-07  4.74354803e-07  1.96152480e-07  7.14398319e-07
 -2.58739852e-08 -1.16039453e-07]",1.4328051851641987e-06,204314
796,"[-2.21925495e-07  4.00578591e-07  4.21640092e-07 -1.68689792e-07
  2.81302069e-07  4.74354803e-07  1.96152480e-07  7.14398319e-07
 -2.58739852e-08 -1.16039453e-07]",1.4328051851641987e-06,204571
797,"[-2.21925495e-07  4.00578591e-07  4.21640092e-07 -1.68689792e-07
  2.81302069e-07  4.74354803e-07  1.96152480e-07  7.14398319e-07
 -2.58739852e-08 -1.16039453e-07]",1.4328051851641987e-06,204828
798,"[-2.21925495e-07  4.00578591e-07  4.21640092e-07 -1.68689792e-07
  2.81302069e-07  4.74354803e-07  1.96152480e-07  7.14398319e-07
 -2.58739852e-08 -1.16039453e-07]",1.4328051851641987e-06,205085
799,"[-2.21925495e-07  4.00578591e-07  4.21640092e-07 -1.68689792e-07
  2.81302069e-07  4.74354803e-07  1.96152480e-07  7.14398319e-07
 -2.58739852e-08 -1.16039453e-07]",1.4328051851641987e-06,205342
800,"[-2.21925495e-07  4.00578591e-07  4.21640092e-07 -1.68689792e-07
  2.81302069e-07  4.74354803e-07  1.96152480e-07  7.14398319e-07
 -2.58739852e-08 -1.16039453e-07]",1.4328051851641987e-06,205599
801,"[-2.21925495e-07  4.00578591e-07  4.21640092e-07 -1.68689792e-07
  2.81302069e-07  4.74354803e-07  1.96152480e-07  7.14398319e-07
 -2.58739852e-08 -1.16039453e-07]",1.4328051851641987e-06,205856
802,"[-2.21925495e-07  4.00578591e-07  4.21640092e-07 -1.68689792e-07
  2.81302069e-07  4.74354803e-07  1.96152480e-07  7.14398319e-07
 -2.58739852e-08 -1.16039453e-07]",1.4328051851641987e-06,206113
803,"[-2.21925495e-07  4.00578591e-07  4.21640092e-07 -1.68689792e-07
  2.81302069e-07  4.74354803e-07  1.96152480e-07  7.14398319e-07
 -2.58739852e-08 -1.16039453e-07]",1.4328051851641987e-06,206370
804,"[-2.21925495e-07  4.00578591e-07  4.21640092e-07 -1.68689792e-07
  2.81302069e-07  4.74354803e-07  1.96152480e-07  7.14398319e-07
 -2.58739852e-08 -1.16039453e-07]",1.4328051851641987e-06,206627
805,"[-2.21925495e-07  4.00578591e-07  4.21640092e-07 -1.68689792e-07
  2.81302069e-07  4.74354803e-07  1.96152480e-07  7.14398319e-07
 -2.58739852e-08 -1.16039453e-07]",1.4328051851641987e-06,206884
806,"[-2.21925495e-07  4.00578591e-07  4.21640092e-07 -1.68689792e-07
  2.81302069e-07  4.74354803e-07  1.96152480e-07  7.14398319e-07
 -2.58739852e-08 -1.16039453e-07]",1.4328051851641987e-06,207141
807,"[-2.21925495e-07  4.00578591e-07  4.21640092e-07 -1.68689792e-07
  2.81302069e-07  4.74354803e-07  1.96152480e-07  7.14398319e-07
 -2.58739852e-08 -1.16039453e-07]",1.4328051851641987e-06,207398
808,"[-2.21925495e-07  4.00578591e-07  4.21640092e-07 -1.68689792e-07
  2.81302069e-07  4.74354803e-07  1.96152480e-07  7.14398319e-07
 -2.58739852e-08 -1.16039453e-07]",1.4328051851641987e-06,207655
809,"[-2.21925495e-07  4.00578591e-07  4.21640092e-07 -1.68689792e-07
  2.81302069e-07  4.74354803e-07  1.96152480e-07  7.14398319e-07
 -2.58739852e-08 -1.16039453e-07]",1.4328051851641987e-06,207912
810,"[-2.21925495e-07  4.00578591e-07  4.21640092e-07 -1.68689792e-07
  2.81302069e-07  4.74354803e-07  1.96152480e-07  7.14398319e-07
 -2.58739852e-08 -1.16039453e-07]",1.4328051851641987e-06,208169
811,"[-2.21925495e-07  4.00578591e-07  4.21640092e-07 -1.68689792e-07
  2.81302069e-07  4.74354803e-07  1.96152480e-07  7.14398319e-07
 -2.58739852e-08 -1.16039453e-07]",1.4328051851641987e-06,208426
812,"[ 3.12894458e-08 -2.67364993e-07 -3.12921522e-08 -2.98990922e-07
 -3.20569502e-07 -7.61712063e-08  2.99415991e-07 -1.32820315e-07
  4.01641892e-07 -2.41330896e-07]",9.783713612598888e-07,208683
